Pose Visible Keypoints Indices 0:
0 1 2 3 4 5 6 7 8 9 10 11 12 13 14 15 16 17 18 19 20 21 22 23 24 25 26 27 28 29 30 31 32 33 34 35 36 37 38 39 40 41 42 43 44 45 46 47 48 49 50 51 52 53 54 55 56 57 58 59 65 67 68 70 
Pose Visible Keypoints Indices 1:
0 1 2 3 4 5 6 7 8 9 10 11 12 13 14 15 16 17 18 19 20 21 22 23 24 25 26 27 28 29 30 31 32 33 34 35 36 37 38 39 40 41 42 43 44 45 46 47 48 49 50 51 52 53 54 55 56 57 58 59 67 81 86 
Pose Visible Keypoints Indices 2:
0 1 2 3 4 5 6 7 8 9 10 11 12 13 14 15 16 17 18 19 20 21 22 23 24 25 26 27 28 29 30 31 32 33 34 35 36 37 38 39 40 41 42 43 44 45 46 47 48 49 50 51 52 53 54 55 56 57 58 59 67 81 86 
Pose Visible Keypoints Indices 3:
0 1 2 3 4 5 6 7 8 9 10 11 12 13 14 15 16 17 18 19 20 21 22 23 24 25 26 27 28 29 30 31 32 33 34 35 36 37 38 39 40 41 42 43 44 45 46 47 48 49 50 51 52 53 54 55 56 57 58 59 65 67 
Pose Visible Keypoints Indices 4:
0 1 2 3 4 5 6 7 8 9 10 11 12 13 14 15 16 17 18 19 20 21 22 23 24 25 26 27 28 29 30 31 32 33 34 35 36 37 38 39 40 41 42 43 44 45 46 47 48 49 50 51 52 53 54 55 56 57 58 59 65 89 
Pose Visible Keypoints Indices 5:
0 1 2 3 4 5 6 7 8 9 10 11 12 13 14 15 16 17 18 19 20 21 22 23 24 25 26 27 28 29 30 31 32 33 34 35 36 37 38 39 40 41 42 43 44 45 46 47 48 49 50 51 52 53 54 55 56 57 58 59 65 87 89 
Pose Visible Keypoints Indices 6:
0 1 2 3 4 5 6 7 8 9 10 11 12 13 14 15 16 17 18 19 20 21 22 23 24 25 26 27 28 29 30 31 32 33 34 35 36 37 38 39 40 41 42 43 44 45 46 47 48 49 50 51 52 53 54 55 56 57 58 59 65 87 89 
Pose Visible Keypoints Indices 7:
0 1 2 3 4 5 6 7 8 9 10 11 12 13 14 15 16 17 18 19 20 21 22 23 24 25 26 27 28 29 30 31 32 33 34 35 36 37 38 39 40 41 42 43 44 45 46 47 48 49 50 51 52 53 54 55 56 57 58 59 65 87 
Pose Visible Keypoints Indices 8:
0 1 2 3 4 5 6 7 8 9 10 11 12 13 14 15 16 17 18 19 20 21 22 23 24 25 26 27 28 29 30 31 32 33 34 35 36 37 38 39 40 41 42 43 44 45 46 47 48 49 50 51 52 53 54 55 56 57 58 59 65 68 85 
Pose Visible Keypoints Indices 9:
0 1 2 3 4 5 6 7 8 9 10 11 12 13 14 15 16 17 18 19 20 21 22 23 24 25 26 27 28 29 30 31 32 33 34 35 36 37 38 39 40 41 42 43 44 45 46 47 48 49 50 51 52 53 54 55 56 57 58 59 63 66 68 71 80 85 
Pose Visible Keypoints Indices 10:
0 1 2 3 4 5 6 7 8 9 10 11 12 13 14 15 16 17 18 19 20 21 22 23 24 25 26 27 28 29 30 31 32 33 34 35 36 37 38 39 40 41 42 43 44 45 46 47 48 49 50 51 52 53 54 55 56 57 58 59 63 66 68 71 80 85 
Pose Visible Keypoints Indices 11:
0 1 2 3 4 5 6 7 8 9 10 11 12 13 14 15 16 17 18 19 20 21 22 23 24 25 26 27 28 29 30 31 32 33 34 35 36 37 38 39 40 41 42 43 44 45 46 47 48 49 50 51 52 53 54 55 56 57 58 59 63 66 68 71 80 85 
Pose Visible Keypoints Indices 12:
0 1 2 3 4 5 6 7 8 9 10 11 12 13 14 15 16 17 18 19 20 21 22 23 24 25 26 27 28 29 30 31 32 33 34 35 36 37 38 39 40 41 42 43 44 45 46 47 48 49 50 51 52 53 54 55 56 57 58 59 68 70 80 
Pose Visible Keypoints Indices 13:
0 1 2 3 4 5 6 7 8 9 10 11 12 13 14 15 16 17 18 19 20 21 22 23 24 25 26 27 28 29 30 31 32 33 34 35 36 37 38 39 40 41 42 43 44 45 46 47 48 49 50 51 52 53 54 55 56 57 58 59 70 76 
Pose Visible Keypoints Indices 14:
0 1 2 3 4 5 6 7 8 9 10 11 12 13 14 15 16 17 18 19 20 21 22 23 24 25 26 27 28 29 30 31 32 33 34 35 36 37 38 39 40 41 42 43 44 45 46 47 48 49 50 51 52 53 54 55 56 57 58 59 60 61 62 70 76 79 
Pose Visible Keypoints Indices 15:
0 1 2 3 4 5 6 7 8 9 10 11 12 13 14 15 16 17 18 19 20 21 22 23 24 25 26 27 28 29 30 31 32 33 34 35 36 37 38 39 40 41 42 43 44 45 46 47 48 49 50 51 52 53 54 55 56 57 58 59 60 61 62 70 76 79 
Pose Visible Keypoints Indices 16:
0 1 2 3 4 5 6 7 8 9 10 11 12 13 14 15 16 17 18 19 20 21 22 23 24 25 26 27 28 29 30 31 32 33 34 35 36 37 38 39 40 41 42 43 44 45 46 47 48 49 50 51 52 53 54 55 56 57 58 59 70 79 
Pose Visible Keypoints Indices 17:
0 1 2 3 4 5 6 7 8 9 10 11 12 13 14 15 16 17 18 19 20 21 22 23 24 25 26 27 28 29 30 31 32 33 34 35 36 37 38 39 40 41 42 43 44 45 46 47 48 49 50 51 52 53 54 55 56 57 58 59 67 70 
Pose Visible Keypoints Indices 18:
0 1 2 3 4 5 6 7 8 9 10 11 12 13 14 15 16 17 18 19 20 21 22 23 24 25 26 27 28 29 30 31 32 33 34 35 36 37 38 39 40 41 42 43 44 45 46 47 48 49 50 51 52 53 54 55 56 57 58 59 67 81 86 
Pose Visible Keypoints Indices 19:
0 1 2 3 4 5 6 7 8 9 10 11 12 13 14 15 16 17 18 19 20 21 22 23 24 25 26 27 28 29 30 31 32 33 34 35 36 37 38 39 40 41 42 43 44 45 46 47 48 49 50 51 52 53 54 55 56 57 58 59 64 67 69 72 81 84 86 91 93 100 106 112 117 119 132 135 139 143 147 149 161 163 175 190 192 194 196 199 203 205 207 211 231 236 243 245 248 264 268 270 273 283 285 293 301 303 308 309 317 319 322 330 332 334 370 372 374 
Pose Visible Keypoints Indices 20:
0 1 2 3 4 5 6 7 8 9 10 11 12 13 14 15 16 17 18 19 20 21 22 23 24 25 26 27 28 29 30 31 32 33 34 35 36 37 38 39 40 41 42 43 44 45 46 47 48 49 50 51 52 53 54 55 56 57 58 59 64 67 69 72 81 84 86 91 93 100 106 112 117 119 132 135 139 143 147 149 161 163 175 190 192 194 196 199 203 205 207 211 231 236 243 245 248 264 268 270 273 283 285 293 301 303 308 309 317 319 322 330 332 334 374 
Pose Visible Keypoints Indices 21:
0 1 2 3 4 5 6 7 8 9 10 11 12 13 14 15 16 17 18 19 20 21 22 23 24 25 26 27 28 29 30 31 32 33 34 35 36 37 38 39 40 41 42 43 44 45 46 47 48 49 50 51 52 53 54 55 56 57 58 59 64 65 67 69 72 73 74 75 81 84 86 87 89 91 93 100 106 112 119 132 135 139 143 147 149 157 161 163 175 192 194 196 199 203 205 207 211 231 236 243 245 248 264 268 270 273 285 293 301 303 308 309 317 319 322 330 332 334 
Pose Visible Keypoints Indices 22:
0 1 2 3 4 5 6 7 8 9 10 11 12 13 14 15 16 17 18 19 20 21 22 23 24 25 26 27 28 29 30 31 32 33 34 35 36 37 38 39 40 41 42 43 44 45 46 47 48 49 50 51 52 53 54 55 56 57 58 59 65 73 74 75 86 87 88 89 94 95 101 114 115 118 119 152 153 154 155 156 157 164 165 177 181 210 211 212 213 214 215 216 217 218 219 223 235 237 249 250 251 278 279 280 281 284 285 297 304 305 310 311 323 324 325 335 336 337 
Pose Visible Keypoints Indices 23:
0 1 2 3 4 5 6 7 8 9 10 11 12 13 14 15 16 17 18 19 20 21 22 23 24 25 26 27 28 29 30 31 32 33 34 35 36 37 38 39 40 41 42 43 44 45 46 47 48 49 50 51 52 53 54 55 56 57 58 59 65 73 74 75 87 88 89 94 95 101 114 115 118 119 152 153 154 155 156 157 164 165 177 181 210 211 212 213 214 215 216 217 218 219 223 235 237 249 250 251 278 279 280 281 284 285 297 304 305 310 311 323 324 325 335 336 337 365 375 376 377 
Pose Visible Keypoints Indices 24:
0 1 2 3 4 5 6 7 8 9 10 11 12 13 14 15 16 17 18 19 20 21 22 23 24 25 26 27 28 29 30 31 32 33 34 35 36 37 38 39 40 41 42 43 44 45 46 47 48 49 50 51 52 53 54 55 56 57 58 59 65 73 74 75 87 88 89 94 95 101 114 115 118 119 152 153 154 155 156 157 164 165 177 181 210 211 212 213 214 215 216 217 218 219 223 235 237 249 250 251 278 279 280 281 284 285 297 304 305 310 311 323 324 325 335 336 337 375 376 377 
Pose Visible Keypoints Indices 25:
0 1 2 3 4 5 6 7 8 9 10 11 12 13 14 15 16 17 18 19 20 21 22 23 24 25 26 27 28 29 30 31 32 33 34 35 36 37 38 39 40 41 42 43 44 45 46 47 48 49 50 51 52 53 54 55 56 57 58 59 65 71 73 74 75 85 87 88 89 94 95 101 114 115 118 119 152 153 154 155 156 157 164 165 177 181 210 211 212 213 214 215 216 217 218 219 223 235 237 249 250 251 278 279 280 281 284 285 297 304 305 310 311 323 324 325 335 336 337 
Pose Visible Keypoints Indices 26:
0 1 2 3 4 5 6 7 8 9 10 11 12 13 14 15 16 17 18 19 20 21 22 23 24 25 26 27 28 29 30 31 32 33 34 35 36 37 38 39 40 41 42 43 44 45 46 47 48 49 50 51 52 53 54 55 56 57 58 59 63 66 68 71 73 74 75 80 82 83 85 87 89 92 98 99 107 109 116 118 127 133 136 138 140 144 148 152 160 162 170 172 178 191 193 195 197 200 202 204 206 210 220 228 232 242 244 246 247 261 265 269 271 274 284 290 294 300 302 307 316 318 320 321 329 331 333 
Pose Visible Keypoints Indices 27:
0 1 2 3 4 5 6 7 8 9 10 11 12 13 14 15 16 17 18 19 20 21 22 23 24 25 26 27 28 29 30 31 32 33 34 35 36 37 38 39 40 41 42 43 44 45 46 47 48 49 50 51 52 53 54 55 56 57 58 59 63 66 68 71 80 82 83 85 92 98 99 107 109 116 118 127 133 136 138 140 144 148 160 162 170 172 178 182 191 193 195 197 200 202 204 206 210 220 228 232 242 244 246 247 261 265 269 271 274 282 284 290 294 300 302 307 316 318 320 321 329 331 333 364 369 371 373 
Pose Visible Keypoints Indices 28:
0 1 2 3 4 5 6 7 8 9 10 11 12 13 14 15 16 17 18 19 20 21 22 23 24 25 26 27 28 29 30 31 32 33 34 35 36 37 38 39 40 41 42 43 44 45 46 47 48 49 50 51 52 53 54 55 56 57 58 59 63 66 68 71 80 82 83 85 92 98 99 107 109 116 118 127 133 136 138 140 144 148 160 162 170 172 178 182 191 193 195 197 200 202 204 206 210 220 228 232 242 244 246 247 261 265 269 271 274 282 284 290 294 300 302 307 316 318 320 321 329 331 333 364 369 371 373 
Pose Visible Keypoints Indices 29:
0 1 2 3 4 5 6 7 8 9 10 11 12 13 14 15 16 17 18 19 20 21 22 23 24 25 26 27 28 29 30 31 32 33 34 35 36 37 38 39 40 41 42 43 44 45 46 47 48 49 50 51 52 53 54 55 56 57 58 59 63 66 68 71 76 80 82 83 85 92 98 99 107 109 116 118 127 133 136 138 140 144 148 160 162 170 172 178 182 191 193 195 197 200 202 204 206 210 220 228 232 242 244 246 247 261 265 269 271 274 282 284 290 294 300 302 307 316 318 320 321 329 331 333 369 371 373 
Pose Visible Keypoints Indices 30:
0 1 2 3 4 5 6 7 8 9 10 11 12 13 14 15 16 17 18 19 20 21 22 23 24 25 26 27 28 29 30 31 32 33 34 35 36 37 38 39 40 41 42 43 44 45 46 47 48 49 50 51 52 53 54 55 56 57 58 59 60 61 62 63 66 68 71 76 79 80 82 83 85 92 98 99 107 109 116 118 120 127 133 136 138 140 144 148 160 162 170 172 178 182 183 191 193 195 197 200 202 204 206 220 228 232 238 242 244 246 247 261 265 269 271 274 282 290 294 300 302 307 316 318 320 321 329 331 333 
Pose Visible Keypoints Indices 31:
0 1 2 3 4 5 6 7 8 9 10 11 12 13 14 15 16 17 18 19 20 21 22 23 24 25 26 27 28 29 30 31 32 33 34 35 36 37 38 39 40 41 42 43 44 45 46 47 48 49 50 51 52 53 54 55 56 57 58 59 60 61 62 70 76 77 78 79 80 90 96 97 102 103 116 117 120 121 122 123 124 125 126 127 158 159 166 167 182 183 184 185 186 187 188 189 190 224 225 238 239 240 241 252 253 254 255 256 282 283 286 287 298 299 306 312 313 314 315 326 327 328 
Pose Visible Keypoints Indices 32:
0 1 2 3 4 5 6 7 8 9 10 11 12 13 14 15 16 17 18 19 20 21 22 23 24 25 26 27 28 29 30 31 32 33 34 35 36 37 38 39 40 41 42 43 44 45 46 47 48 49 50 51 52 53 54 55 56 57 58 59 60 61 62 70 76 77 78 79 90 96 97 102 103 116 117 120 121 122 123 124 125 126 158 159 166 167 182 183 184 185 186 187 188 189 190 224 225 238 239 240 241 252 253 254 255 256 282 283 286 287 298 299 306 312 313 314 315 326 327 328 362 366 367 368 
Pose Visible Keypoints Indices 33:
0 1 2 3 4 5 6 7 8 9 10 11 12 13 14 15 16 17 18 19 20 21 22 23 24 25 26 27 28 29 30 31 32 33 34 35 36 37 38 39 40 41 42 43 44 45 46 47 48 49 50 51 52 53 54 55 56 57 58 59 60 61 62 70 76 77 78 79 90 96 97 102 103 116 117 120 121 122 123 124 125 126 158 159 166 167 182 183 184 185 186 187 188 189 190 224 225 238 239 240 241 252 253 254 255 256 282 283 286 287 298 299 306 312 313 314 315 326 327 328 366 367 368 
Pose Visible Keypoints Indices 34:
0 1 2 3 4 5 6 7 8 9 10 11 12 13 14 15 16 17 18 19 20 21 22 23 24 25 26 27 28 29 30 31 32 33 34 35 36 37 38 39 40 41 42 43 44 45 46 47 48 49 50 51 52 53 54 55 56 57 58 59 60 61 62 70 76 77 78 79 81 90 96 97 102 103 116 117 120 121 122 123 124 125 126 158 159 166 167 182 183 184 185 186 187 188 189 190 224 225 238 239 240 241 252 253 254 255 256 282 283 286 287 298 299 306 312 313 314 315 326 327 328 
Pose Visible Keypoints Indices 35:
0 1 2 3 4 5 6 7 8 9 10 11 12 13 14 15 16 17 18 19 20 21 22 23 24 25 26 27 28 29 30 31 32 33 34 35 36 37 38 39 40 41 42 43 44 45 46 47 48 49 50 51 52 53 54 55 56 57 58 59 60 61 62 64 67 69 70 72 76 79 81 84 86 91 93 100 106 112 117 126 132 135 139 143 147 149 161 163 175 189 190 192 194 196 199 203 205 207 231 236 241 243 245 248 264 268 270 273 283 293 301 303 308 309 317 319 322 330 332 334 
Pose Visible Keypoints Indices 36:
0 1 2 3 4 5 6 7 8 9 10 11 12 13 14 15 16 17 18 19 20 21 22 23 24 25 26 27 28 29 30 31 32 33 34 35 36 37 38 39 40 41 42 43 44 45 46 47 48 49 50 51 52 53 54 55 56 57 58 59 64 67 69 72 79 81 84 86 91 93 100 106 112 117 119 132 135 139 143 147 149 161 163 175 190 192 194 196 199 203 205 207 211 231 236 243 245 248 264 268 270 273 283 285 293 301 303 308 309 317 319 322 330 332 334 370 
Pose Visible Keypoints Indices 37:
0 1 2 3 4 5 6 7 8 9 10 11 12 13 14 15 16 17 18 19 20 21 22 23 24 25 26 27 28 29 30 31 32 33 34 35 36 37 38 39 40 41 42 43 44 45 46 47 48 49 50 51 52 53 54 55 56 57 58 59 64 67 69 72 81 84 86 91 93 100 106 112 117 119 132 135 139 143 147 149 161 163 174 175 190 192 194 196 199 203 205 207 211 231 236 243 245 248 264 268 270 273 283 285 292 293 301 303 308 309 317 319 322 330 332 334 363 365 370 372 374 
Pose Visible Keypoints Indices 38:
0 1 2 3 4 5 6 7 8 9 10 11 12 13 14 15 16 17 18 19 20 21 22 23 24 25 26 27 28 29 30 31 32 33 34 35 36 37 38 39 40 41 42 43 44 45 46 47 48 49 50 51 52 53 54 55 56 57 58 59 64 67 69 72 81 84 86 89 91 93 100 106 112 117 119 132 135 139 143 147 149 161 163 174 175 190 192 194 196 199 203 205 207 211 231 236 243 245 248 264 268 270 273 283 285 293 301 303 308 309 317 319 322 330 332 334 363 365 370 372 374 
Pose Visible Keypoints Indices 39:
0 1 2 3 4 5 6 7 8 9 10 11 12 13 14 15 16 17 18 19 20 21 22 23 24 25 26 27 28 29 30 31 32 33 34 35 36 37 38 39 40 41 42 43 44 45 46 47 48 49 50 51 52 53 54 55 56 57 58 59 64 67 69 72 73 74 75 81 84 86 87 88 89 91 93 94 95 100 101 106 112 114 115 117 118 119 132 135 139 143 147 149 152 153 154 155 156 157 161 163 164 165 175 177 181 190 192 194 196 199 203 205 207 210 211 212 213 214 215 216 217 218 219 223 231 235 236 237 243 245 248 249 250 251 264 268 270 273 278 279 280 281 283 284 285 293 297 301 303 304 305 308 309 310 311 317 319 322 323 324 325 330 332 334 335 336 337 365 370 372 374 375 376 377 
Pose Visible Keypoints Indices 40:
0 1 2 3 4 5 6 7 8 9 10 11 12 13 14 15 16 17 18 19 20 21 22 23 24 25 26 27 28 29 30 31 32 33 34 35 36 37 38 39 40 41 42 43 44 45 46 47 48 49 50 51 52 53 54 55 56 57 58 59 64 65 69 72 73 74 75 81 84 86 87 88 89 91 93 94 95 100 101 106 112 114 115 118 119 132 135 139 143 147 149 152 153 154 155 156 157 161 163 164 165 175 177 181 192 194 196 199 203 205 207 210 211 212 213 214 215 216 217 218 219 223 231 235 236 237 243 245 248 249 250 251 264 268 270 273 278 279 280 281 284 285 293 297 301 303 304 305 308 309 310 311 317 319 322 323 324 325 330 332 334 335 336 337 364 365 375 376 377 
Pose Visible Keypoints Indices 41:
0 1 2 3 4 5 6 7 8 9 10 11 12 13 14 15 16 17 18 19 20 21 22 23 24 25 26 27 28 29 30 31 32 33 34 35 36 37 38 39 40 41 42 43 44 45 46 47 48 49 50 51 52 53 54 55 56 57 58 59 65 73 74 75 87 88 89 94 95 101 114 115 118 119 152 153 154 155 156 157 164 165 176 177 181 210 211 212 213 214 215 216 217 218 219 222 223 235 237 249 250 251 278 279 280 281 284 285 296 297 304 305 310 311 323 324 325 335 336 337 364 365 375 376 377 
Pose Visible Keypoints Indices 42:
0 1 2 3 4 5 6 7 8 9 10 11 12 13 14 15 16 17 18 19 20 21 22 23 24 25 26 27 28 29 30 31 32 33 34 35 36 37 38 39 40 41 42 43 44 45 46 47 48 49 50 51 52 53 54 55 56 57 58 59 65 73 74 75 87 88 89 94 95 101 114 115 118 119 152 153 154 155 156 157 164 165 176 177 181 210 211 212 213 214 215 216 217 218 219 222 223 235 237 249 250 251 278 279 280 281 284 285 296 297 304 305 310 311 323 324 325 335 336 337 364 365 375 376 377 
Pose Visible Keypoints Indices 43:
0 1 2 3 4 5 6 7 8 9 10 11 12 13 14 15 16 17 18 19 20 21 22 23 24 25 26 27 28 29 30 31 32 33 34 35 36 37 38 39 40 41 42 43 44 45 46 47 48 49 50 51 52 53 54 55 56 57 58 59 63 65 66 71 73 74 75 80 82 83 85 87 88 89 92 94 95 98 99 101 107 109 114 115 118 119 127 133 136 138 140 144 148 152 153 154 155 156 157 160 162 164 165 170 172 176 177 178 181 191 193 195 197 200 202 204 206 210 211 212 213 214 215 216 217 218 219 220 223 228 232 235 237 242 244 246 247 249 250 251 261 265 269 271 274 278 279 280 281 284 285 290 294 297 300 302 304 305 307 310 311 316 318 320 321 323 324 325 329 331 333 335 336 337 364 365 375 376 377 
Pose Visible Keypoints Indices 44:
0 1 2 3 4 5 6 7 8 9 10 11 12 13 14 15 16 17 18 19 20 21 22 23 24 25 26 27 28 29 30 31 32 33 34 35 36 37 38 39 40 41 42 43 44 45 46 47 48 49 50 51 52 53 54 55 56 57 58 59 63 66 68 71 73 74 75 80 82 83 85 87 88 89 92 94 95 98 99 101 107 109 114 115 116 118 119 127 133 136 138 140 144 148 152 153 154 155 156 157 160 162 164 165 170 172 177 178 181 182 191 193 195 197 200 202 204 206 210 211 212 213 214 215 216 217 218 219 220 223 228 232 235 237 242 244 246 247 249 250 251 261 265 269 271 274 278 279 280 281 282 284 285 290 294 297 300 302 304 305 307 310 311 316 318 320 321 323 324 325 329 331 333 335 336 337 364 369 371 373 375 376 377 
Pose Visible Keypoints Indices 45:
0 1 2 3 4 5 6 7 8 9 10 11 12 13 14 15 16 17 18 19 20 21 22 23 24 25 26 27 28 29 30 31 32 33 34 35 36 37 38 39 40 41 42 43 44 45 46 47 48 49 50 51 52 53 54 55 56 57 58 59 63 66 68 71 80 82 83 85 87 92 98 99 107 109 116 118 127 133 136 138 140 144 148 160 162 170 171 172 173 178 182 191 193 195 197 200 202 204 206 210 220 221 228 232 242 244 246 247 261 265 269 271 274 282 284 290 294 295 300 302 307 316 318 320 321 329 331 333 362 364 369 371 373 
Pose Visible Keypoints Indices 46:
0 1 2 3 4 5 6 7 8 9 10 11 12 13 14 15 16 17 18 19 20 21 22 23 24 25 26 27 28 29 30 31 32 33 34 35 36 37 38 39 40 41 42 43 44 45 46 47 48 49 50 51 52 53 54 55 56 57 58 59 63 66 68 71 80 82 83 85 92 98 99 107 109 116 118 127 133 136 138 140 144 148 160 162 170 171 172 173 178 182 191 193 195 197 200 202 204 206 210 220 221 228 232 242 244 246 247 261 265 269 271 274 282 284 290 291 294 295 300 302 307 316 318 320 321 329 331 333 362 364 369 371 373 
Pose Visible Keypoints Indices 47:
0 1 2 3 4 5 6 7 8 9 10 11 12 13 14 15 16 17 18 19 20 21 22 23 24 25 26 27 28 29 30 31 32 33 34 35 36 37 38 39 40 41 42 43 44 45 46 47 48 49 50 51 52 53 54 55 56 57 58 59 60 63 66 68 71 76 80 82 83 85 92 98 99 107 109 116 118 127 133 136 138 140 144 148 160 162 170 171 172 173 178 182 191 193 195 197 200 202 204 206 210 220 221 228 232 242 244 246 247 261 265 269 271 274 282 284 290 291 294 300 302 307 316 318 320 321 329 331 333 362 364 369 371 373 
Pose Visible Keypoints Indices 48:
0 1 2 3 4 5 6 7 8 9 10 11 12 13 14 15 16 17 18 19 20 21 22 23 24 25 26 27 28 29 30 31 32 33 34 35 36 37 38 39 40 41 42 43 44 45 46 47 48 49 50 51 52 53 54 55 56 57 58 59 60 61 62 63 66 68 71 76 77 78 79 80 82 83 85 90 92 96 97 98 99 102 103 107 109 116 117 118 120 121 122 123 124 125 126 127 133 136 138 140 144 148 158 159 160 162 166 167 170 172 178 182 183 184 185 186 187 188 189 190 191 193 195 197 200 202 204 206 210 220 224 225 228 232 238 239 240 241 242 244 246 247 252 253 254 255 256 261 265 269 271 274 282 283 284 286 287 290 294 298 299 300 302 306 307 312 313 314 315 316 318 320 321 326 327 328 329 331 333 362 366 367 368 369 371 373 
Pose Visible Keypoints Indices 49:
0 1 2 3 4 5 6 7 8 9 10 11 12 13 14 15 16 17 18 19 20 21 22 23 24 25 26 27 28 29 30 31 32 33 34 35 36 37 38 39 40 41 42 43 44 45 46 47 48 49 50 51 52 53 54 55 56 57 58 59 60 61 62 63 66 70 71 76 77 78 79 80 82 83 85 90 92 96 97 98 99 102 103 107 109 116 117 120 121 122 123 124 125 126 127 133 136 138 140 144 148 158 159 160 162 166 167 168 170 172 178 182 183 184 185 186 187 188 189 190 191 193 195 197 200 202 204 206 220 224 225 228 232 238 239 240 241 242 244 246 247 252 253 254 255 256 261 265 269 271 274 282 283 286 287 290 294 298 299 300 302 306 307 312 313 314 315 316 318 320 321 326 327 328 329 331 333 362 363 366 367 368 
Pose Visible Keypoints Indices 50:
0 1 2 3 4 5 6 7 8 9 10 11 12 13 14 15 16 17 18 19 20 21 22 23 24 25 26 27 28 29 30 31 32 33 34 35 36 37 38 39 40 41 42 43 44 45 46 47 48 49 50 51 52 53 54 55 56 57 58 59 60 61 62 70 76 77 78 79 90 96 97 102 103 116 117 120 121 122 123 124 125 126 158 159 166 167 168 169 182 183 184 185 186 187 188 189 190 224 225 238 239 240 241 252 253 254 255 256 282 283 286 287 288 289 298 299 306 312 313 314 315 326 327 328 362 363 366 367 368 
Pose Visible Keypoints Indices 51:
0 1 2 3 4 5 6 7 8 9 10 11 12 13 14 15 16 17 18 19 20 21 22 23 24 25 26 27 28 29 30 31 32 33 34 35 36 37 38 39 40 41 42 43 44 45 46 47 48 49 50 51 52 53 54 55 56 57 58 59 60 61 62 70 76 77 78 79 90 96 97 102 103 116 117 120 121 122 123 124 125 126 158 159 166 167 168 169 182 183 184 185 186 187 188 189 190 224 225 238 239 240 241 252 253 254 255 256 282 283 286 287 288 289 298 299 306 312 313 314 315 326 327 328 362 363 366 367 368 
Pose Visible Keypoints Indices 52:
0 1 2 3 4 5 6 7 8 9 10 11 12 13 14 15 16 17 18 19 20 21 22 23 24 25 26 27 28 29 30 31 32 33 34 35 36 37 38 39 40 41 42 43 44 45 46 47 48 49 50 51 52 53 54 55 56 57 58 59 60 61 62 64 69 70 72 76 77 78 79 81 84 86 90 91 93 96 97 100 102 103 106 112 116 117 120 121 122 123 124 125 126 132 135 139 143 147 149 158 159 161 163 166 167 169 175 182 183 184 185 186 187 188 189 190 192 194 196 199 203 205 207 224 225 231 236 238 239 240 241 243 245 248 252 253 254 255 256 264 268 270 273 282 283 286 287 293 298 299 301 303 306 308 309 312 313 314 315 317 319 322 326 327 328 330 332 334 362 363 366 367 368 
Pose Visible Keypoints Indices 53:
0 1 2 3 4 5 6 7 8 9 10 11 12 13 14 15 16 17 18 19 20 21 22 23 24 25 26 27 28 29 30 31 32 33 34 35 36 37 38 39 40 41 42 43 44 45 46 47 48 49 50 51 52 53 54 55 56 57 58 59 60 61 62 64 67 69 72 76 77 78 79 81 84 86 90 91 93 96 97 100 102 103 106 112 116 117 119 120 121 122 123 124 125 126 132 135 139 143 147 149 158 159 161 163 166 167 175 182 183 184 185 186 187 188 189 190 192 194 196 199 203 205 207 211 224 225 231 236 238 239 240 241 243 245 248 252 253 254 255 256 264 268 270 273 282 283 285 286 287 293 298 299 301 303 306 308 309 312 313 314 315 317 319 322 326 327 328 330 332 334 363 366 367 368 370 372 374 
Pose Visible Keypoints Indices 54:
0 1 2 3 4 5 6 7 8 9 10 11 12 13 14 15 16 17 18 19 20 21 22 23 24 25 26 27 28 29 30 31 32 33 34 35 36 37 38 39 40 41 42 43 44 45 46 47 48 49 50 51 52 53 54 55 56 57 58 59 64 67 69 72 79 81 84 86 91 93 100 106 112 117 119 126 132 135 139 143 147 149 161 163 174 175 190 192 194 196 199 203 205 207 211 231 236 243 245 248 264 268 270 273 283 285 292 293 301 303 308 309 317 319 322 330 332 334 363 365 370 372 374 
Pose Visible Keypoints Indices 55:
0 1 2 3 4 5 6 7 8 9 10 11 12 13 14 15 16 17 18 19 20 21 22 23 24 25 26 27 28 29 30 31 32 33 34 35 36 37 38 39 40 41 42 43 44 45 46 47 48 49 50 51 52 53 54 55 57 59 64 69 72 81 84 86 91 93 100 106 112 117 119 132 135 139 143 147 149 161 163 174 175 190 192 194 196 199 203 205 207 211 231 236 243 245 248 264 268 270 273 283 285 292 293 301 303 308 309 317 319 322 330 332 334 363 365 370 372 374 
Pose Visible Keypoints Indices 56:
0 1 2 3 4 5 6 7 8 9 10 11 12 13 14 15 16 17 18 19 20 21 22 23 24 25 26 27 28 29 30 31 32 33 34 35 36 37 38 39 40 41 42 43 44 45 46 47 48 49 50 51 52 53 54 55 57 58 59 64 69 72 75 81 84 86 89 91 93 100 106 112 117 119 132 135 139 143 147 149 157 161 163 174 175 190 192 194 196 199 203 205 207 211 219 231 236 243 245 248 251 264 268 270 273 283 285 292 293 301 303 308 309 317 319 322 330 332 334 363 365 370 372 374 
Pose Visible Keypoints Indices 57:
0 1 2 3 4 5 6 7 8 9 10 11 12 13 14 15 16 17 18 19 20 21 22 23 24 25 26 27 28 29 30 31 32 33 34 35 36 37 38 39 40 41 42 43 44 45 46 47 48 49 50 51 52 53 54 55 57 58 59 64 69 72 73 74 75 81 84 86 87 88 89 91 93 94 95 100 101 106 112 114 115 117 118 119 132 135 139 142 143 147 149 152 153 154 155 156 157 161 163 164 165 175 177 181 190 192 194 196 199 203 205 207 210 211 212 213 214 215 216 217 218 219 223 231 235 236 237 243 245 248 249 250 251 264 268 270 273 278 279 280 281 283 284 285 293 297 301 303 304 305 308 309 310 311 317 319 322 323 324 325 330 332 334 335 336 337 363 365 370 372 374 375 376 377 
Pose Visible Keypoints Indices 58:
0 1 2 3 4 5 6 7 8 9 10 11 12 13 14 15 16 17 18 19 20 21 22 23 24 25 26 27 28 29 30 31 32 33 34 35 36 37 38 39 40 41 42 43 44 45 46 47 48 49 50 51 52 53 54 55 57 58 59 64 69 72 73 74 75 81 84 86 87 88 89 91 93 94 95 100 101 106 112 114 115 118 119 132 135 139 143 147 149 150 152 153 154 155 156 157 161 163 164 165 175 177 181 192 194 196 199 203 205 207 208 210 211 212 213 214 215 216 217 218 219 222 223 231 235 236 237 243 245 248 249 250 251 264 268 270 273 278 279 280 281 284 285 293 296 297 301 303 304 305 308 309 310 311 317 319 322 323 324 325 330 332 334 335 336 337 364 365 374 375 376 377 
Pose Visible Keypoints Indices 59:
0 1 2 3 4 5 6 7 8 9 10 11 12 13 14 15 16 17 18 19 20 21 22 23 24 25 26 27 28 29 30 31 32 33 34 35 36 37 38 39 40 41 42 43 44 45 46 47 48 49 50 51 52 53 54 55 58 59 73 74 75 87 88 89 94 95 101 114 115 118 119 150 152 153 154 155 156 157 164 165 176 177 181 210 211 212 213 214 215 216 217 218 219 222 223 235 237 249 250 251 278 279 280 281 284 285 296 297 304 305 310 311 323 324 325 335 336 337 364 365 375 376 377 
Pose Visible Keypoints Indices 60:
0 1 2 3 4 5 6 7 8 9 10 11 12 13 14 15 16 17 18 19 20 21 22 23 24 25 26 27 28 29 30 31 32 33 34 35 36 37 38 39 40 41 42 43 44 45 46 47 48 49 50 51 52 53 54 55 56 58 59 73 74 75 87 88 89 94 95 101 114 115 118 119 152 153 154 155 156 157 164 165 176 177 181 210 211 212 213 214 215 216 217 218 219 222 223 235 237 249 250 251 278 279 280 281 284 285 296 297 304 305 310 311 323 324 325 335 336 337 364 365 375 376 377 
Pose Visible Keypoints Indices 61:
0 1 2 3 4 5 6 7 8 9 10 11 12 13 14 15 16 17 18 19 20 21 22 23 24 25 26 27 28 29 30 31 32 33 34 35 36 37 38 39 40 41 42 43 44 45 46 47 48 49 50 51 52 53 54 55 56 58 59 63 66 71 73 74 75 80 82 83 85 87 88 89 92 94 95 98 99 101 107 109 114 115 116 118 119 127 133 136 138 140 144 148 151 152 153 154 155 156 157 160 162 164 165 170 172 176 177 178 181 191 193 195 197 200 202 204 206 209 210 211 212 213 214 215 216 217 218 219 220 222 223 228 232 235 237 242 244 246 247 249 250 251 261 265 269 271 274 277 278 279 280 281 284 285 290 294 296 297 300 302 304 305 307 310 311 316 318 320 321 323 324 325 329 331 333 335 336 337 364 365 369 371 373 375 376 377 
Pose Visible Keypoints Indices 62:
0 1 2 3 4 5 6 7 8 9 10 11 12 13 14 15 16 17 18 19 20 21 22 23 24 25 26 27 28 29 30 31 32 33 34 35 36 37 38 39 40 41 42 43 44 45 46 47 48 49 50 51 52 53 54 55 56 58 59 63 66 71 73 74 75 80 82 83 85 87 88 89 92 94 95 98 99 101 107 109 114 115 116 118 119 127 133 134 136 138 140 141 144 148 152 153 154 155 156 157 160 162 164 165 170 172 177 178 181 182 191 193 195 197 198 200 202 204 206 210 211 212 213 214 215 216 217 218 219 220 223 228 232 235 237 242 244 246 247 249 250 251 261 265 269 271 274 278 279 280 281 282 284 285 290 294 295 297 300 302 304 305 307 310 311 316 318 320 321 323 324 325 329 331 333 335 336 337 362 364 369 371 373 375 376 377 
Pose Visible Keypoints Indices 63:
0 1 2 3 4 5 6 7 8 9 10 11 12 13 14 15 16 17 18 19 20 21 22 23 24 25 26 27 28 29 30 31 32 33 34 35 36 37 38 39 40 41 42 43 44 45 46 47 48 49 50 51 52 53 54 55 56 58 63 66 71 73 80 82 83 85 87 92 98 99 107 109 116 118 127 133 134 136 138 140 144 148 152 160 162 170 172 173 178 182 191 193 195 197 200 202 204 206 210 212 220 221 228 232 242 244 246 247 249 261 265 269 271 274 282 284 290 291 294 295 300 302 307 316 318 320 321 329 331 333 362 364 369 371 373 
Pose Visible Keypoints Indices 64:
0 1 2 3 4 5 6 7 8 9 10 11 12 13 14 15 16 17 18 19 20 21 22 23 24 25 26 27 28 29 30 31 32 33 34 35 36 37 38 39 40 41 42 43 44 45 46 47 48 49 50 51 52 53 54 55 56 58 63 66 71 80 82 83 85 92 98 99 107 109 116 118 127 133 136 138 140 144 148 160 162 170 171 172 173 178 182 191 193 195 197 200 202 204 206 210 220 221 228 232 242 244 246 247 261 265 269 271 274 282 284 290 291 294 295 300 302 307 316 318 320 321 329 331 333 362 364 369 371 373 
Pose Visible Keypoints Indices 65:
0 1 2 3 4 5 6 7 8 9 10 11 12 13 14 15 16 17 18 19 20 21 22 23 24 25 26 27 28 29 30 31 32 33 34 35 36 37 38 39 40 41 42 43 44 45 46 47 48 49 50 51 52 53 54 55 56 57 58 60 63 66 71 76 80 82 83 85 92 98 99 107 109 116 118 120 127 133 136 138 140 144 145 148 160 162 170 171 172 178 182 183 191 193 195 197 200 202 204 206 210 220 221 228 232 238 242 244 246 247 261 265 269 271 274 282 284 290 291 294 295 300 302 307 312 316 318 320 321 329 331 333 362 364 369 371 373 
Pose Visible Keypoints Indices 66:
0 1 2 3 4 5 6 7 8 9 10 11 12 13 14 15 16 17 18 19 20 21 22 23 24 25 26 27 28 29 30 31 32 33 34 35 36 37 38 39 40 41 42 43 44 45 46 47 48 49 50 51 52 53 54 55 56 57 58 60 61 62 63 66 71 76 77 78 79 80 82 83 85 90 92 96 97 98 99 102 103 107 109 116 117 118 120 121 122 123 124 125 126 127 133 136 137 138 140 144 145 148 158 159 160 162 166 167 170 172 178 182 183 184 185 186 187 188 189 190 191 193 195 197 200 201 202 204 206 210 220 224 225 228 232 238 239 240 241 242 244 246 247 252 253 254 255 256 261 265 269 271 274 282 283 284 286 287 290 291 294 298 299 300 302 306 307 312 313 314 315 316 318 320 321 326 327 328 329 331 333 362 364 366 367 368 369 371 373 
Pose Visible Keypoints Indices 67:
0 1 2 3 4 5 6 7 8 9 10 11 12 13 14 15 16 17 18 19 20 21 22 23 24 25 26 27 28 29 30 31 32 33 34 35 36 37 38 39 40 41 42 43 44 45 46 47 48 49 50 51 52 53 54 55 56 57 58 60 61 62 63 66 71 76 77 78 79 80 82 83 85 90 92 96 97 98 99 102 103 107 109 116 117 118 120 121 122 123 124 125 126 127 129 131 133 136 138 140 144 148 158 159 160 162 166 167 168 170 172 178 182 183 184 185 186 187 188 189 190 191 193 195 197 200 202 204 206 220 224 225 228 232 238 239 240 241 242 244 246 247 252 253 254 255 256 260 261 265 269 271 274 282 283 286 287 288 289 290 294 298 299 300 302 306 307 312 313 314 315 316 318 320 321 326 327 328 329 331 333 362 363 366 367 368 369 371 373 
Pose Visible Keypoints Indices 68:
0 1 2 3 4 5 6 7 8 9 10 11 12 13 14 15 16 17 18 19 20 21 22 23 24 25 26 27 28 29 30 31 32 33 34 35 36 37 38 39 40 41 42 43 44 45 46 47 48 49 50 51 52 53 54 55 56 57 60 61 62 76 77 78 79 80 90 96 97 102 103 116 117 120 121 122 123 124 125 126 131 158 159 166 167 168 169 182 183 184 185 186 187 188 189 190 224 225 238 239 240 241 252 253 254 255 256 282 283 286 287 288 289 298 299 306 312 313 314 315 326 327 328 362 363 366 367 368 
Pose Visible Keypoints Indices 69:
0 1 2 3 4 5 6 7 8 9 10 11 12 13 14 15 16 17 18 19 20 21 22 23 24 25 26 27 28 29 30 31 32 33 34 35 36 37 38 39 40 41 42 43 44 45 46 47 48 49 50 51 52 53 54 55 56 57 59 60 61 62 76 77 78 79 90 96 97 102 103 116 117 120 121 122 123 124 125 126 128 158 159 166 167 168 169 182 183 184 185 186 187 188 189 190 224 225 238 239 240 241 252 253 254 255 256 282 283 286 287 288 289 298 299 306 312 313 314 315 326 327 328 362 363 366 367 368 
Pose Visible Keypoints Indices 70:
0 1 2 3 4 5 6 7 8 9 10 11 12 13 14 15 16 17 18 19 20 21 22 23 24 25 26 27 28 29 30 31 32 33 34 35 36 37 38 39 40 41 42 43 44 45 46 47 48 49 50 51 52 53 54 55 56 57 59 60 61 62 64 69 72 76 77 78 79 81 84 86 90 91 93 96 97 100 102 103 106 112 116 117 120 121 122 123 124 125 126 128 130 132 135 139 143 147 149 158 159 161 163 166 167 169 175 182 183 184 185 186 187 188 189 190 192 194 196 199 203 205 207 224 225 231 236 238 239 240 241 243 245 248 252 253 254 255 256 257 264 268 270 273 282 283 286 287 288 289 293 298 299 301 303 306 308 309 312 313 314 315 317 319 322 326 327 328 330 332 334 362 363 366 367 368 370 
Pose Visible Keypoints Indices 71:
0 1 2 3 4 5 6 7 8 9 10 11 12 13 14 15 16 17 18 19 20 21 22 23 24 25 26 27 28 29 30 31 32 33 34 35 36 37 38 39 40 41 42 43 44 45 46 47 48 49 50 51 52 53 54 55 56 57 59 60 61 62 64 69 72 76 77 78 79 81 84 86 90 91 93 96 97 100 102 103 106 112 116 117 119 120 121 122 123 124 125 126 132 135 139 143 146 147 149 158 159 161 163 166 167 175 182 183 184 185 186 187 188 189 190 192 194 196 199 203 205 207 211 224 225 231 236 238 239 240 241 243 245 248 252 253 254 255 256 264 268 270 273 282 283 285 286 287 292 293 298 299 301 303 306 308 309 312 313 314 315 317 319 322 326 327 328 330 332 334 363 365 366 367 368 370 372 374 
Pose Visible Keypoints Indices 72:
0 1 2 3 4 5 6 7 8 9 10 11 12 13 14 15 16 17 18 19 20 21 22 23 24 25 26 27 28 29 30 31 32 33 34 35 36 37 38 39 40 41 42 43 44 45 46 47 48 49 50 51 52 53 54 55 56 57 59 62 64 69 72 79 81 84 86 91 93 100 106 112 117 119 126 132 135 139 143 146 147 149 161 163 175 189 190 192 194 196 199 203 205 207 211 231 236 241 243 245 248 264 268 270 273 283 285 292 293 301 303 308 309 317 319 322 330 332 334 363 365 370 372 374 
Pose Visible Keypoints Indices 73:
7 14 32 42 49 57 59 64 69 72 81 84 86 91 93 100 106 112 117 119 132 135 139 143 146 147 149 161 163 174 175 190 192 194 196 199 203 205 207 211 231 236 243 245 248 264 268 270 273 283 285 292 293 301 303 308 309 317 319 322 330 332 334 363 365 370 372 374 
Pose Visible Keypoints Indices 74:
14 32 42 49 55 57 59 64 69 72 75 81 84 86 89 91 93 100 106 112 117 119 132 135 139 142 143 147 149 157 161 163 175 190 192 194 196 199 203 205 207 211 219 231 236 243 245 248 251 263 264 268 270 273 283 285 293 301 303 308 309 317 319 322 325 330 332 334 363 365 370 372 374 
Pose Visible Keypoints Indices 75:
14 32 42 49 53 54 55 57 58 59 64 69 72 73 74 75 81 84 86 87 88 89 91 93 94 95 100 101 106 112 114 115 117 118 119 132 135 139 142 143 147 149 150 152 153 154 155 156 157 161 163 164 165 175 177 181 190 192 194 196 199 203 205 207 208 210 211 212 213 214 215 216 217 218 219 223 231 235 236 237 243 245 248 249 250 251 263 264 268 270 273 276 278 279 280 281 283 284 285 293 297 301 303 304 305 308 309 310 311 317 319 322 323 324 325 330 332 334 335 336 337 363 364 365 370 372 374 375 376 377 
Pose Visible Keypoints Indices 76:
14 32 42 49 53 54 55 57 58 59 64 69 72 73 74 75 81 84 86 87 88 89 91 93 94 95 100 101 106 112 114 115 117 118 119 132 135 139 143 147 149 150 152 153 154 155 156 157 161 163 164 165 175 177 181 190 192 194 196 199 203 205 207 208 210 211 212 213 214 215 216 217 218 219 223 231 235 236 237 243 245 248 249 250 251 264 268 270 273 276 278 279 280 281 283 284 285 293 296 297 301 303 304 305 308 309 310 311 317 319 322 323 324 325 330 332 334 335 336 337 364 365 370 372 374 375 376 377 
Pose Visible Keypoints Indices 77:
49 53 54 55 58 59 73 74 75 87 88 89 94 95 101 114 115 118 119 150 152 153 154 155 156 157 164 165 177 181 210 211 212 213 214 215 216 217 218 219 222 223 235 237 249 250 251 278 279 280 281 284 285 296 297 304 305 310 311 323 324 325 335 336 337 364 365 375 376 377 
Pose Visible Keypoints Indices 78:
48 53 54 55 58 59 73 74 75 85 87 88 89 94 95 101 114 115 118 119 151 152 153 154 155 156 157 164 165 176 177 181 209 210 211 212 213 214 215 216 217 218 219 222 223 235 237 249 250 251 277 278 279 280 281 284 285 296 297 304 305 310 311 323 324 325 335 336 337 364 365 375 376 377 
Pose Visible Keypoints Indices 79:
13 23 41 48 53 54 55 56 58 59 63 66 71 73 74 75 80 82 83 85 87 88 89 92 94 95 98 99 101 107 109 114 115 116 118 119 127 133 136 138 140 144 148 151 152 153 154 155 156 157 160 162 164 165 170 172 177 178 181 182 191 193 195 197 200 202 204 206 209 210 211 212 213 214 215 216 217 218 219 220 223 228 232 235 237 242 244 246 247 249 250 251 261 265 269 271 274 277 278 279 280 281 282 284 285 290 294 297 300 302 304 305 307 310 311 316 318 320 321 323 324 325 329 331 333 335 336 337 364 365 369 371 373 375 376 377 
Pose Visible Keypoints Indices 80:
13 23 41 48 53 54 55 56 58 59 63 66 71 73 74 75 80 82 83 85 87 88 89 92 94 95 98 99 101 107 109 114 115 116 118 119 127 133 134 136 138 140 141 144 148 151 152 153 154 155 156 157 160 162 164 165 170 172 177 178 181 182 191 193 195 197 198 200 202 204 206 210 211 212 213 214 215 216 217 218 219 220 223 228 232 235 237 242 244 246 247 249 250 251 261 262 265 269 271 272 274 278 279 280 281 282 284 285 290 294 297 300 302 304 305 307 310 311 316 318 320 321 323 324 325 329 331 333 335 336 337 362 364 365 369 371 373 375 376 377 
Pose Visible Keypoints Indices 81:
13 23 41 48 53 56 58 63 66 71 73 80 82 83 85 87 92 98 99 107 109 116 118 127 133 134 136 138 140 141 144 148 152 160 162 170 172 178 182 191 193 195 197 198 200 202 204 206 210 212 220 228 232 242 244 246 247 249 261 262 265 269 271 274 282 284 290 294 295 300 302 307 316 318 320 321 323 329 331 333 362 364 369 371 373 
Pose Visible Keypoints Indices 82:
6 13 23 41 48 56 58 63 66 71 80 82 83 85 92 98 99 107 109 116 118 127 133 134 136 138 140 144 145 148 160 162 170 171 172 173 178 182 191 193 195 197 200 202 204 206 210 220 221 228 232 242 244 246 247 261 265 269 271 274 282 284 290 291 294 295 300 302 307 316 318 320 321 329 331 333 362 364 369 371 373 
Pose Visible Keypoints Indices 83:
0 6 13 23 41 56 58 60 61 62 63 66 71 76 77 78 79 80 82 83 85 90 92 96 97 98 99 102 103 107 109 116 118 120 121 122 123 124 125 126 127 133 136 137 138 140 144 145 148 158 159 160 162 166 167 170 172 178 182 183 184 185 186 187 188 189 191 193 195 197 200 201 202 204 206 210 220 224 225 228 232 238 239 240 241 242 244 246 247 252 253 254 255 256 261 265 269 271 274 275 282 284 286 287 290 291 294 298 299 300 302 306 307 312 313 314 315 316 318 320 321 326 327 328 329 331 333 362 364 369 371 373 
Pose Visible Keypoints Indices 84:
0 1 2 6 13 23 41 56 57 58 60 61 62 63 66 71 76 77 78 79 80 82 83 85 90 92 96 97 98 99 102 103 107 109 116 117 118 120 121 122 123 124 125 126 127 129 131 133 136 137 138 140 144 145 148 158 159 160 162 166 167 170 172 178 182 183 184 185 186 187 188 189 190 191 193 195 197 200 201 202 204 206 210 220 224 225 228 232 238 239 240 241 242 244 246 247 252 253 254 255 256 258 261 265 266 269 271 274 275 282 283 284 286 287 290 294 298 299 300 302 306 307 312 313 314 315 316 318 320 321 326 327 328 329 331 333 362 363 364 366 367 368 369 371 373 
Pose Visible Keypoints Indices 85:
0 1 2 6 13 15 23 41 56 57 58 60 61 62 63 66 71 76 77 78 79 80 82 83 85 90 92 96 97 98 99 102 103 107 109 116 117 118 120 121 122 123 124 125 126 127 129 131 133 136 138 140 144 148 158 159 160 162 166 167 170 172 178 182 183 184 185 186 187 188 189 190 191 193 195 197 200 202 204 206 210 220 224 225 228 232 238 239 240 241 242 244 246 247 252 253 254 255 256 258 260 261 265 269 271 274 282 283 284 286 287 288 290 294 298 299 300 302 306 307 312 313 314 315 316 318 320 321 326 327 328 329 331 333 362 363 366 367 368 369 371 373 
Pose Visible Keypoints Indices 86:
0 1 2 6 56 57 60 61 62 76 77 78 79 80 90 96 97 102 103 116 117 120 121 122 123 124 125 126 129 131 158 159 166 167 168 182 183 184 185 186 187 188 189 190 224 225 238 239 240 241 252 253 254 255 256 260 282 283 286 287 288 289 298 299 306 312 313 314 315 326 327 328 362 363 366 367 368 
Pose Visible Keypoints Indices 87:
0 1 2 6 7 56 57 60 61 62 76 77 78 79 90 96 97 102 103 116 117 120 121 122 123 124 125 126 128 158 159 166 167 169 182 183 184 185 186 187 188 189 190 224 225 238 239 240 241 252 253 254 255 256 282 283 286 287 288 289 298 299 306 312 313 314 315 326 327 328 362 363 366 367 368 
Pose Visible Keypoints Indices 88:
0 1 2 7 14 32 42 56 57 60 61 62 64 69 72 76 77 78 79 81 84 86 90 91 93 96 97 100 102 103 106 112 116 117 119 120 121 122 123 124 125 126 128 130 132 135 139 143 147 149 158 159 161 163 166 167 175 182 183 184 185 186 187 188 189 190 192 194 196 199 203 205 207 211 224 225 231 236 238 239 240 241 243 245 248 252 253 254 255 256 257 259 264 268 270 273 282 283 285 286 287 289 293 298 299 301 303 306 308 309 312 313 314 315 317 319 322 326 327 328 330 332 334 362 363 366 367 368 370 372 374 
Pose Visible Keypoints Indices 89:
0 1 2 7 14 32 42 56 57 59 60 61 62 64 69 72 76 77 78 79 81 84 86 90 91 93 96 97 100 102 103 106 112 116 117 119 120 121 122 123 124 125 126 128 130 132 135 139 143 146 147 149 158 159 161 163 166 167 175 182 183 184 185 186 187 188 189 190 192 194 196 199 203 205 207 211 224 225 231 236 238 239 240 241 243 245 248 252 253 254 255 256 259 264 267 268 270 273 282 283 285 286 287 293 298 299 301 303 306 308 309 312 313 314 315 317 319 322 326 327 328 330 332 334 362 363 365 366 367 368 370 372 374 
Pose Visible Keypoints Indices 90:
2 7 14 32 42 57 59 60 61 62 64 69 72 76 77 78 79 81 84 86 90 91 93 96 97 100 102 103 106 112 117 119 120 121 122 123 124 125 126 132 135 139 143 146 147 149 158 159 161 163 166 167 175 183 184 185 186 187 188 189 190 192 194 196 199 203 205 207 211 224 225 231 236 238 239 240 241 243 245 248 252 253 254 255 256 264 268 270 273 283 285 286 287 292 293 298 299 301 303 306 308 309 312 313 314 315 317 319 322 326 327 328 330 332 334 363 365 370 372 374 
Pose Visible Keypoints Indices 91:
14 32 42 57 59 64 69 72 81 84 86 91 93 100 106 111 112 117 119 132 135 139 143 146 147 149 161 163 175 190 192 194 196 199 203 205 207 211 231 236 243 245 248 263 264 268 270 273 283 285 292 293 301 303 308 309 317 319 322 330 332 334 363 365 370 372 374 
Pose Visible Keypoints Indices 92:
14 32 42 55 57 59 64 69 72 73 74 75 81 84 86 87 88 89 91 93 94 95 100 101 106 111 112 114 115 117 119 132 135 139 142 143 147 149 152 153 154 155 156 157 161 163 164 165 175 177 181 190 192 194 196 199 203 205 207 211 212 213 214 215 216 217 218 219 223 231 235 236 237 243 245 248 249 250 251 263 264 268 270 273 278 279 280 281 283 285 293 297 301 303 304 305 308 309 310 311 317 319 322 323 324 325 330 332 334 335 336 337 363 365 370 372 374 377 
Pose Visible Keypoints Indices 93:
14 32 42 53 54 55 57 58 59 64 69 72 73 74 75 81 84 86 87 88 89 91 93 94 95 100 101 106 112 114 115 117 118 119 132 135 139 142 143 147 149 152 153 154 155 156 157 161 163 164 165 175 177 181 190 192 194 196 199 203 205 207 208 210 211 212 213 214 215 216 217 218 219 223 231 235 236 237 243 245 248 249 250 251 263 264 268 270 273 276 278 279 280 281 283 284 285 293 297 301 303 304 305 308 309 310 311 317 319 322 323 324 325 330 332 334 335 336 337 363 364 365 370 372 374 375 376 377 
Pose Visible Keypoints Indices 94:
14 32 42 53 54 55 58 59 64 69 72 73 74 75 81 84 86 87 88 89 91 93 94 95 100 101 106 112 114 115 117 118 119 132 135 139 143 147 149 150 152 153 154 155 156 157 161 163 164 165 175 177 181 190 192 194 196 199 203 205 207 208 210 211 212 213 214 215 216 217 218 219 223 231 235 236 237 243 245 248 249 250 251 264 268 270 273 276 278 279 280 281 283 284 285 293 297 301 303 304 305 308 309 310 311 317 319 322 323 324 325 330 332 334 335 336 337 364 365 370 372 374 375 376 377 
Pose Visible Keypoints Indices 95:
53 54 55 58 59 73 74 75 87 88 89 94 95 101 114 115 118 119 150 152 153 154 155 156 157 164 165 177 181 208 210 211 212 213 214 215 216 217 218 219 223 235 237 249 250 251 278 279 280 281 284 285 296 297 304 305 310 311 323 324 325 335 336 337 364 365 375 376 377 
Pose Visible Keypoints Indices 96:
53 54 55 58 59 73 74 75 87 88 89 94 95 101 113 114 115 118 119 152 153 154 155 156 157 164 165 177 181 209 210 211 212 213 214 215 216 217 218 219 223 235 237 249 250 251 277 278 279 280 281 284 285 297 304 305 310 311 323 324 325 335 336 337 364 365 375 376 377 
Pose Visible Keypoints Indices 97:
13 23 41 53 54 55 58 59 63 66 71 73 74 75 80 82 83 85 87 88 89 92 94 95 98 99 101 107 109 114 115 116 118 119 127 133 136 138 140 144 148 151 152 153 154 155 156 157 160 162 164 165 170 172 177 178 181 182 191 193 195 197 200 202 204 206 209 210 211 212 213 214 215 216 217 218 219 220 223 228 232 235 237 242 244 246 247 249 250 251 261 265 269 271 274 277 278 279 280 281 282 284 285 290 294 297 300 302 304 305 307 310 311 316 318 320 321 323 324 325 329 331 333 335 336 337 362 364 365 369 371 373 375 376 377 
Pose Visible Keypoints Indices 98:
13 23 41 53 54 55 56 58 59 63 66 71 73 74 75 80 82 83 85 87 88 89 92 94 95 98 99 101 107 109 114 115 116 118 119 127 133 134 136 138 140 141 144 148 151 152 153 154 155 156 157 160 162 164 165 170 172 177 178 181 182 191 193 195 197 198 200 202 204 206 209 210 211 212 213 214 215 216 217 218 219 220 223 228 232 235 237 242 244 246 247 249 250 251 261 262 265 269 271 272 274 277 278 279 280 281 282 284 285 290 294 297 300 302 304 305 307 310 311 316 318 320 321 323 324 325 329 331 333 335 336 337 362 364 365 369 371 373 375 376 377 
Pose Visible Keypoints Indices 99:
13 23 41 53 56 58 63 66 71 73 74 75 80 82 83 85 87 88 89 92 94 95 98 99 101 107 109 110 114 115 116 118 127 133 134 136 138 140 141 144 148 152 153 154 155 156 157 160 162 164 165 170 172 177 178 181 182 191 193 195 197 198 200 202 204 206 210 212 213 214 215 216 217 218 219 220 223 228 232 235 237 242 244 246 247 249 250 251 261 262 265 269 271 272 274 278 279 280 281 282 284 290 294 297 300 302 304 305 307 310 311 316 318 320 321 323 324 325 329 331 333 335 336 337 362 364 369 371 373 375 
Pose Visible Keypoints Indices 100:
13 23 41 56 58 63 66 71 80 82 83 85 92 98 99 107 108 109 110 116 118 127 133 134 136 138 140 144 145 148 160 162 170 172 178 179 182 191 193 195 197 198 200 201 202 204 206 210 220 221 228 232 242 244 246 247 261 262 265 269 271 274 275 282 284 290 291 294 295 300 302 307 316 318 320 321 329 331 333 362 364 369 371 373 
Pose Visible Keypoints Indices 101:
0 13 23 41 56 58 60 61 62 63 66 71 76 77 78 79 80 82 83 85 90 92 96 97 98 99 102 103 107 108 109 116 118 120 121 122 123 124 125 126 127 133 136 137 138 140 144 145 148 158 159 160 162 166 167 170 172 178 182 183 184 185 186 187 188 189 191 193 195 197 200 201 202 204 206 210 220 224 225 228 232 238 239 240 241 242 244 246 247 252 253 254 255 256 261 265 266 269 271 274 275 282 284 286 287 290 294 298 299 300 302 306 307 312 313 314 315 316 318 320 321 326 327 328 329 331 333 362 364 366 369 371 373 
Pose Visible Keypoints Indices 102:
0 1 2 13 23 41 56 57 58 60 61 62 63 66 71 76 77 78 79 80 82 83 85 90 92 96 97 98 99 102 103 107 109 116 117 118 120 121 122 123 124 125 126 127 129 133 136 137 138 140 144 145 148 158 159 160 162 166 167 170 172 178 182 183 184 185 186 187 188 189 190 191 193 195 197 200 201 202 204 206 210 220 224 225 228 232 238 239 240 241 242 244 246 247 252 253 254 255 256 258 260 261 265 266 269 271 274 275 282 283 284 286 287 290 294 298 299 300 302 306 307 312 313 314 315 316 318 320 321 326 327 328 329 331 333 362 363 364 366 367 368 369 371 373 
Pose Visible Keypoints Indices 103:
0 1 2 13 23 41 56 57 58 60 61 62 63 66 71 76 77 78 79 80 82 83 85 90 92 96 97 98 99 102 103 107 109 116 117 118 120 121 122 123 124 125 126 127 129 131 133 136 138 140 144 148 158 159 160 162 166 167 170 172 178 182 183 184 185 186 187 188 189 190 191 193 195 197 200 202 204 206 210 220 224 225 228 232 238 239 240 241 242 244 246 247 252 253 254 255 256 258 260 261 265 269 271 274 282 283 284 286 287 290 294 298 299 300 302 306 307 312 313 314 315 316 318 320 321 326 327 328 329 331 333 362 363 366 367 368 369 371 373 
Pose Visible Keypoints Indices 104:
0 1 2 56 57 60 61 62 76 77 78 79 90 96 97 102 103 104 116 117 120 121 122 123 124 125 126 131 158 159 166 167 182 183 184 185 186 187 188 189 190 224 225 238 239 240 241 252 253 254 255 256 260 282 283 286 287 288 298 299 306 312 313 314 315 326 327 328 362 363 366 367 368 
Pose Visible Keypoints Indices 105:
0 1 2 56 57 60 61 62 76 77 78 79 90 96 97 102 103 105 116 117 120 121 122 123 124 125 126 128 158 159 166 167 182 183 184 185 186 187 188 189 190 224 225 238 239 240 241 252 253 254 255 256 257 282 283 286 287 289 298 299 306 312 313 314 315 326 327 328 362 363 366 367 368 
Pose Visible Keypoints Indices 106:
0 1 2 14 32 42 56 57 60 61 62 64 69 72 76 77 78 79 81 84 86 90 91 93 96 97 100 102 103 106 112 116 117 119 120 121 122 123 124 125 126 128 130 132 135 139 143 147 149 158 159 161 163 166 167 175 182 183 184 185 186 187 188 189 190 192 194 196 199 203 205 207 211 224 225 231 236 238 239 240 241 243 245 248 252 253 254 255 256 257 259 264 268 270 273 282 283 285 286 287 293 298 299 301 303 306 308 309 312 313 314 315 317 319 322 326 327 328 330 332 334 362 363 366 367 368 370 372 374 
Pose Visible Keypoints Indices 107:
0 1 2 14 32 42 56 57 59 60 61 62 64 69 72 76 77 78 79 81 84 86 90 91 93 96 97 100 102 103 106 112 116 117 119 120 121 122 123 124 125 126 128 130 132 135 139 143 146 147 149 158 159 161 163 166 167 175 182 183 184 185 186 187 188 189 190 192 194 196 199 203 205 207 211 224 225 231 236 238 239 240 241 243 245 248 252 253 254 255 256 257 259 264 267 268 270 273 282 283 285 286 287 293 298 299 301 303 306 308 309 312 313 314 315 317 319 322 326 327 328 330 332 334 362 363 365 366 367 368 370 372 374 
Pose Visible Keypoints Indices 108:
2 14 32 42 57 59 60 61 62 64 69 72 76 77 78 79 81 84 86 90 91 93 96 97 100 102 103 106 112 117 119 120 121 122 123 124 125 126 132 135 139 143 146 147 149 158 159 161 163 166 167 175 183 184 185 186 187 188 189 190 192 194 196 199 203 205 207 211 224 225 231 236 238 239 240 241 243 245 248 252 253 254 255 256 264 267 268 270 273 283 285 286 287 293 298 299 301 303 306 308 309 312 313 314 315 317 319 322 326 327 328 330 332 334 363 365 368 370 372 374 
Pose Visible Keypoints Indices 109:
14 32 42 57 59 64 69 72 81 84 86 91 93 100 106 111 112 117 119 132 135 139 143 147 149 161 163 175 190 192 194 196 199 203 205 207 211 230 231 236 243 245 248 263 264 268 270 273 283 285 293 301 303 308 309 317 319 322 330 332 334 363 365 370 372 374 382 396 411 424 433 
Pose Visible Keypoints Indices 110:
14 32 42 57 59 64 69 72 81 84 86 89 91 93 100 106 111 112 117 119 132 135 139 143 147 149 157 161 163 175 190 192 194 196 199 203 205 207 211 219 231 236 243 245 248 251 263 264 268 270 273 283 285 293 301 303 308 309 317 319 322 325 330 332 334 337 363 365 370 372 374 377 382 396 411 424 433 436 
Pose Visible Keypoints Indices 111:
14 32 42 53 54 55 57 58 59 64 69 72 73 74 75 81 84 86 87 88 89 91 93 94 95 100 101 106 111 112 114 115 117 118 119 132 135 139 142 143 147 149 152 153 154 155 156 157 161 163 164 165 175 177 181 190 192 194 196 199 203 205 207 210 211 212 213 214 215 216 217 218 219 223 231 235 236 237 243 245 248 249 250 251 263 264 268 270 273 276 278 279 280 281 283 284 285 293 297 301 303 304 305 308 309 310 311 317 319 322 323 324 325 330 332 334 335 336 337 363 364 365 370 372 374 375 376 377 396 411 424 433 436 
Pose Visible Keypoints Indices 112:
14 32 42 53 54 55 58 59 64 69 72 73 74 75 81 84 86 87 88 89 91 93 94 95 100 101 106 112 114 115 117 118 119 132 135 139 143 147 149 150 152 153 154 155 156 157 161 163 164 165 175 177 181 190 192 194 196 199 203 205 207 208 210 211 212 213 214 215 216 217 218 219 223 231 235 236 237 243 245 248 249 250 251 264 268 270 273 276 278 279 280 281 283 284 285 293 297 301 303 304 305 308 309 310 311 317 319 322 323 324 325 330 332 334 335 336 337 364 365 370 372 374 375 376 377 433 434 435 436 
Pose Visible Keypoints Indices 113:
53 54 55 58 59 73 74 75 87 88 89 94 95 101 113 114 115 118 119 152 153 154 155 156 157 164 165 177 180 181 210 211 212 213 214 215 216 217 218 219 223 234 235 237 249 250 251 278 279 280 281 284 285 297 304 305 310 311 323 324 325 335 336 337 364 365 374 375 376 377 432 433 434 435 436 
Pose Visible Keypoints Indices 114:
53 54 55 58 59 73 74 75 87 88 89 94 95 101 113 114 115 118 119 152 153 154 155 156 157 164 165 177 180 181 210 211 212 213 214 215 216 217 218 219 223 235 237 249 250 251 277 278 279 280 281 284 285 297 304 305 310 311 321 323 324 325 335 336 337 364 365 373 375 376 377 432 433 434 435 436 
Pose Visible Keypoints Indices 115:
13 23 41 53 54 55 58 59 63 66 71 73 74 75 80 82 83 85 87 88 89 92 94 95 98 99 101 107 109 113 114 115 116 118 119 127 133 136 138 140 144 148 152 153 154 155 156 157 160 162 164 165 170 172 177 178 181 182 191 193 195 197 200 202 204 206 209 210 211 212 213 214 215 216 217 218 219 220 223 228 232 235 237 242 244 246 247 249 250 251 261 265 269 271 274 277 278 279 280 281 282 284 285 290 294 297 300 302 304 305 307 310 311 316 318 320 321 323 324 325 329 331 333 335 336 337 362 364 365 369 371 373 375 376 377 418 432 434 435 436 
Pose Visible Keypoints Indices 116:
13 23 41 53 54 55 56 58 59 63 66 71 73 74 75 80 82 83 85 87 88 89 92 94 95 98 99 101 107 109 110 114 115 116 118 119 127 133 134 136 138 140 141 144 148 152 153 154 155 156 157 160 162 164 165 170 172 177 178 181 182 191 193 195 197 198 200 202 204 206 210 211 212 213 214 215 216 217 218 219 220 223 228 232 235 237 242 244 246 247 249 250 251 261 262 265 269 271 272 274 278 279 280 281 282 284 285 290 294 297 300 302 304 305 307 310 311 316 318 320 321 323 324 325 329 331 333 335 336 337 362 364 365 369 371 373 375 376 377 390 403 418 432 434 
Pose Visible Keypoints Indices 117:
13 23 41 56 58 63 66 71 80 82 83 85 87 92 98 99 107 108 109 110 116 118 127 133 134 136 138 140 144 148 152 160 162 170 172 178 179 182 191 193 195 197 198 200 202 204 206 210 212 220 228 232 233 242 244 246 247 249 261 262 265 269 271 272 274 282 284 290 294 300 302 307 316 318 320 321 323 329 331 333 335 362 364 369 371 373 375 381 390 403 418 432 
Pose Visible Keypoints Indices 118:
13 23 41 56 58 63 66 71 80 82 83 85 92 98 99 107 108 109 110 116 118 127 133 136 138 140 144 148 160 162 170 172 178 179 182 191 193 195 197 200 202 204 206 210 220 228 229 232 233 242 244 246 247 261 262 265 269 271 274 275 282 284 290 294 300 302 307 316 318 320 321 329 331 333 362 364 369 371 373 381 390 403 418 432 
Pose Visible Keypoints Indices 119:
13 23 41 56 58 60 61 62 63 66 71 76 77 78 79 80 82 83 85 90 92 96 97 98 99 102 103 107 108 109 110 116 118 120 121 122 123 124 125 126 127 133 136 138 140 144 145 148 158 159 160 162 166 167 170 172 178 179 182 183 184 185 186 187 188 189 191 193 195 197 200 201 202 204 206 210 220 224 225 228 229 232 238 239 240 241 242 244 246 247 252 253 254 255 256 261 265 266 269 271 274 275 282 284 286 287 290 294 298 299 300 302 306 307 312 313 314 315 316 318 320 321 326 327 328 329 331 333 362 364 366 367 368 369 371 373 378 381 390 403 418 432 
Pose Visible Keypoints Indices 120:
0 1 2 13 23 41 56 57 58 60 61 62 63 66 71 76 77 78 79 80 82 83 85 90 92 96 97 98 99 102 103 107 108 109 116 117 118 120 121 122 123 124 125 126 127 133 136 137 138 140 144 145 148 158 159 160 162 166 167 170 172 178 182 183 184 185 186 187 188 189 190 191 193 195 197 200 201 202 204 206 210 220 224 225 228 232 238 239 240 241 242 244 246 247 252 253 254 255 256 258 261 265 266 269 271 274 275 282 283 284 286 287 290 294 298 299 300 302 306 307 312 313 314 315 316 318 320 321 326 327 328 329 331 333 362 363 364 366 367 368 369 371 373 378 381 390 403 418 
Pose Visible Keypoints Indices 121:
0 1 2 13 23 41 56 57 60 61 62 63 66 71 76 77 78 79 80 82 83 85 90 92 96 97 98 99 102 103 104 107 109 116 117 118 120 121 122 123 124 125 126 127 131 133 136 138 140 144 148 158 159 160 162 166 167 170 172 178 182 183 184 185 186 187 188 189 190 191 193 195 197 200 202 204 206 210 220 224 225 228 232 238 239 240 241 242 244 246 247 252 253 254 255 256 258 260 261 265 269 271 274 282 283 284 286 287 290 294 298 299 300 302 306 307 312 313 314 315 316 318 320 321 326 327 328 329 331 333 362 363 364 366 367 368 369 371 373 378 379 380 381 
Pose Visible Keypoints Indices 122:
0 1 2 56 57 60 61 62 76 77 78 79 90 96 97 102 103 104 105 116 117 120 121 122 123 124 125 126 158 159 166 167 182 183 184 185 186 187 188 189 190 224 225 226 238 239 240 241 252 253 254 255 256 260 282 283 286 287 298 299 306 312 313 314 315 316 326 327 328 362 363 366 367 368 369 378 379 380 381 382 
Pose Visible Keypoints Indices 123:
0 1 2 56 57 60 61 62 76 77 78 79 90 96 97 102 103 104 105 116 117 120 121 122 123 124 125 126 158 159 166 167 182 183 184 185 186 187 188 189 190 224 225 227 238 239 240 241 252 253 254 255 256 257 282 283 286 287 298 299 306 312 313 314 315 326 327 328 362 363 366 367 368 370 378 379 380 381 382 
Pose Visible Keypoints Indices 124:
0 1 2 14 32 42 56 57 60 61 62 64 69 72 76 77 78 79 81 84 86 90 91 93 96 97 100 102 103 105 106 112 116 117 119 120 121 122 123 124 125 126 128 132 135 139 143 147 149 158 159 161 163 166 167 175 182 183 184 185 186 187 188 189 190 192 194 196 199 203 205 207 211 224 225 231 236 238 239 240 241 243 245 248 252 253 254 255 256 257 259 264 268 270 273 282 283 285 286 287 293 298 299 301 303 306 308 309 312 313 314 315 317 319 322 326 327 328 330 332 334 362 363 365 366 367 368 370 372 374 378 379 380 382 396 
Pose Visible Keypoints Indices 125:
0 1 2 14 32 42 56 57 59 60 61 62 64 69 72 76 77 78 79 81 84 86 90 91 93 96 97 100 102 103 106 112 116 117 119 120 121 122 123 124 125 126 132 135 139 143 146 147 149 158 159 161 163 166 167 175 182 183 184 185 186 187 188 189 190 192 194 196 199 203 205 207 211 224 225 231 236 238 239 240 241 243 245 248 252 253 254 255 256 259 264 267 268 270 273 282 283 285 286 287 293 298 299 301 303 306 308 309 312 313 314 315 317 319 322 326 327 328 330 332 334 362 363 365 366 367 368 370 372 374 380 382 396 411 424 
Pose Visible Keypoints Indices 126:
14 32 42 57 59 60 61 62 64 69 72 76 77 78 79 81 84 86 90 91 93 96 97 100 102 103 106 111 112 117 119 120 121 122 123 124 125 126 132 135 139 143 146 147 149 158 159 161 163 166 167 175 183 184 185 186 187 188 189 190 192 194 196 199 203 205 207 211 224 225 230 231 236 238 239 240 241 243 245 248 252 253 254 255 256 264 267 268 270 273 283 285 286 287 293 298 299 301 303 306 308 309 312 313 314 315 317 319 322 326 327 328 330 332 334 363 365 366 367 368 370 372 374 382 396 411 424 433 
Pose Visible Keypoints Indices 127:
14 32 42 57 59 64 69 72 81 84 86 91 93 100 106 111 112 117 119 132 135 139 143 147 149 161 163 175 190 192 194 196 199 203 205 207 211 230 231 236 243 245 248 264 268 270 273 283 285 293 301 303 308 309 317 319 322 330 332 334 362 363 365 366 367 368 369 370 371 372 373 374 375 376 377 378 379 380 381 382 383 384 385 386 387 388 389 390 391 392 393 394 395 396 397 398 399 400 401 402 403 404 405 406 407 408 409 410 411 412 413 414 415 416 417 418 419 420 421 422 423 424 425 426 427 428 429 430 431 432 433 434 435 436 
Pose Visible Keypoints Indices 128:
14 32 42 57 59 64 69 72 81 84 86 91 93 100 106 111 112 117 119 132 135 139 143 147 149 157 161 163 175 190 192 194 196 199 203 205 207 211 219 230 231 236 243 245 248 251 263 264 268 270 273 283 285 293 301 303 308 309 317 319 322 325 330 332 334 337 363 364 365 366 367 368 369 370 371 372 373 374 375 376 377 378 379 380 381 382 383 384 385 386 387 388 389 390 391 392 393 394 395 396 397 398 399 400 401 402 403 404 405 406 407 408 409 410 411 412 413 414 415 416 417 418 419 420 421 422 423 424 425 426 427 428 429 430 431 432 433 434 435 436 
Pose Visible Keypoints Indices 129:
14 32 42 53 54 55 57 59 64 69 72 73 74 75 81 84 86 87 88 89 91 93 94 95 100 101 106 112 114 115 117 118 119 132 135 139 143 147 149 152 153 154 155 156 157 161 163 164 165 175 177 181 190 192 194 196 199 203 205 207 210 211 212 213 214 215 216 217 218 219 223 231 235 236 237 243 245 248 249 250 251 264 268 270 273 278 279 280 281 283 284 285 293 297 301 303 304 305 308 309 310 311 317 319 322 323 324 325 330 332 334 335 336 337 363 364 365 366 367 368 369 370 371 372 373 374 375 376 377 378 379 380 381 382 383 384 385 386 387 388 389 390 391 392 393 394 395 396 397 398 399 400 401 402 403 404 405 406 407 408 409 410 411 412 413 414 415 416 417 418 419 420 421 422 423 424 425 426 427 428 429 430 431 432 433 434 435 436 
Pose Visible Keypoints Indices 130:
42 53 54 55 58 59 64 69 72 73 74 75 81 84 86 87 88 89 91 93 94 95 100 101 106 112 113 114 115 118 119 132 135 139 143 147 149 152 153 154 155 156 157 161 163 164 165 175 177 180 181 192 194 196 199 203 205 207 210 211 212 213 214 215 216 217 218 219 223 231 234 235 236 237 243 245 248 249 250 251 264 268 270 273 278 279 280 281 284 285 293 297 301 303 304 305 308 309 310 311 317 319 322 323 324 325 330 332 334 335 336 337 363 364 365 366 367 368 369 370 371 372 373 374 375 376 377 378 379 380 381 382 383 384 385 386 387 388 389 390 391 392 393 394 395 396 397 398 399 400 401 402 403 404 405 406 407 408 409 410 411 412 413 414 415 416 417 418 419 420 421 422 423 424 425 426 427 428 429 430 431 432 433 434 435 436 
Pose Visible Keypoints Indices 131:
53 54 55 58 59 73 74 75 87 88 89 94 95 101 113 114 115 118 119 152 153 154 155 156 157 164 165 177 180 181 210 211 212 213 214 215 216 217 218 219 223 234 235 237 249 250 251 278 279 280 281 284 285 297 304 305 310 311 323 324 325 335 336 337 363 364 365 366 367 368 369 370 371 372 373 374 375 376 377 378 379 380 381 382 383 384 385 386 387 388 389 390 391 392 393 394 395 396 397 398 399 400 401 402 403 404 405 406 407 408 409 410 411 412 413 414 415 416 417 418 419 420 421 422 423 424 425 426 427 428 429 430 431 432 433 434 435 436 
Pose Visible Keypoints Indices 132:
53 54 55 58 59 73 74 75 87 88 89 94 95 101 113 114 115 118 119 152 153 154 155 156 157 164 165 177 180 181 210 211 212 213 214 215 216 217 218 219 223 234 235 237 249 250 251 278 279 280 281 284 285 297 304 305 310 311 321 323 324 325 335 336 337 362 364 365 366 367 368 369 370 371 372 373 374 375 376 377 378 379 380 381 382 383 384 385 386 387 388 389 390 391 392 393 394 395 396 397 398 399 400 401 402 403 404 405 406 407 408 409 410 411 412 413 414 415 416 417 418 419 420 421 422 423 424 425 426 427 428 429 430 431 432 433 434 435 436 
Pose Visible Keypoints Indices 133:
13 23 41 53 54 55 58 59 63 66 71 73 74 75 80 82 83 85 87 88 89 92 94 95 98 99 101 107 109 113 114 115 118 119 127 133 136 138 140 144 148 152 153 154 155 156 157 160 162 164 165 170 172 177 178 180 181 191 193 195 197 200 202 204 206 210 211 212 213 214 215 216 217 218 219 220 223 228 232 235 237 242 244 246 247 249 250 251 261 265 269 271 274 277 278 279 280 281 282 284 285 290 294 297 300 302 304 305 307 310 311 316 318 320 321 323 324 325 329 331 333 335 336 337 362 364 365 366 367 368 369 370 371 372 373 374 375 376 377 378 379 380 381 382 383 384 385 386 387 388 389 390 391 392 393 394 395 396 397 398 399 400 401 402 403 404 405 406 407 408 409 410 411 412 413 414 415 416 417 418 419 420 421 422 423 424 425 426 427 428 429 430 431 432 433 434 435 436 
Pose Visible Keypoints Indices 134:
13 23 41 53 54 55 56 58 63 66 71 73 74 75 80 82 83 85 87 88 89 92 94 95 98 99 101 107 109 110 114 115 116 118 119 127 133 136 138 140 144 148 152 153 154 155 156 157 160 162 164 165 170 172 177 178 179 181 182 191 193 195 197 198 200 202 204 206 210 211 212 213 214 215 216 217 218 219 220 223 228 232 233 235 237 242 244 246 247 249 250 251 261 262 265 269 271 272 274 278 279 280 281 282 284 285 290 294 297 300 302 304 305 307 310 311 316 318 320 321 323 324 325 329 331 333 335 336 337 362 364 365 366 367 368 369 370 371 372 373 374 375 376 377 378 379 380 381 382 383 384 385 386 387 388 389 390 391 392 393 394 395 396 397 398 399 400 401 402 403 404 405 406 407 408 409 410 411 412 413 414 415 416 417 418 419 420 421 422 423 424 425 426 427 428 429 430 431 432 433 434 435 436 
Pose Visible Keypoints Indices 135:
13 23 41 56 58 63 66 71 80 82 83 85 92 98 99 107 108 109 110 116 118 127 133 136 138 140 144 148 152 160 162 170 172 178 179 182 191 193 195 197 200 202 204 206 210 212 220 228 229 232 233 242 244 246 247 249 261 262 265 269 271 274 282 284 290 294 300 302 307 316 318 320 321 323 329 331 333 335 362 364 365 366 367 368 369 370 371 372 373 374 375 376 377 378 379 380 381 382 383 384 385 386 387 388 389 390 391 392 393 394 395 396 397 398 399 400 401 402 403 404 405 406 407 408 409 410 411 412 413 414 415 416 417 418 419 420 421 422 423 424 425 426 427 428 429 430 431 432 433 434 435 436 
Pose Visible Keypoints Indices 136:
13 23 41 56 58 63 66 71 80 82 83 85 92 98 99 107 108 109 110 116 118 127 133 136 138 140 144 148 160 162 170 172 178 179 182 191 193 195 197 200 202 204 206 210 220 228 229 232 233 242 244 246 247 261 265 269 271 274 282 284 290 294 300 302 307 316 318 320 321 329 331 333 362 364 365 366 367 368 369 370 371 372 373 374 375 376 377 378 379 380 381 382 383 384 385 386 387 388 389 390 391 392 393 394 395 396 397 398 399 400 401 402 403 404 405 406 407 408 409 410 411 412 413 414 415 416 417 418 419 420 421 422 423 424 425 426 427 428 429 430 431 432 433 434 435 436 
Pose Visible Keypoints Indices 137:
13 23 41 56 58 63 66 71 76 80 82 83 85 92 98 99 107 108 109 110 116 118 120 127 133 136 138 140 144 148 160 162 170 172 178 179 182 183 191 193 195 197 200 202 204 206 210 220 228 229 232 238 242 244 246 247 261 265 269 271 274 275 282 284 290 294 300 302 307 312 316 318 320 321 326 329 331 333 362 363 364 366 367 368 369 370 371 372 373 374 375 376 377 378 379 380 381 382 383 384 385 386 387 388 389 390 391 392 393 394 395 396 397 398 399 400 401 402 403 404 405 406 407 408 409 410 411 412 413 414 415 416 417 418 419 420 421 422 423 424 425 426 427 428 429 430 431 432 433 434 435 436 
Pose Visible Keypoints Indices 138:
0 1 2 13 23 41 56 58 60 61 62 63 66 71 76 77 78 79 80 82 83 85 90 92 96 97 98 99 102 103 107 108 109 116 117 118 120 121 122 123 124 125 126 127 133 136 138 140 144 148 158 159 160 162 166 167 170 172 178 179 182 183 184 185 186 187 188 189 190 191 193 195 197 200 201 202 204 206 210 220 224 225 228 229 232 238 239 240 241 242 244 246 247 252 253 254 255 256 261 265 266 269 271 274 275 282 283 284 286 287 290 294 298 299 300 302 306 307 312 313 314 315 316 318 320 321 326 327 328 329 331 333 362 363 364 366 367 368 369 370 371 372 373 374 375 376 377 378 379 380 381 382 383 384 385 386 387 388 389 390 391 392 393 394 395 396 397 398 399 400 401 402 403 404 405 406 407 408 409 410 411 412 413 414 415 416 417 418 419 420 421 422 423 424 425 426 427 428 429 430 431 432 433 434 435 436 
Pose Visible Keypoints Indices 139:
0 1 2 13 23 41 56 57 60 61 62 63 66 71 76 77 78 79 80 82 83 85 90 92 96 97 98 99 102 103 104 105 107 109 116 117 120 121 122 123 124 125 126 127 131 133 136 138 140 144 148 158 159 160 162 166 167 170 172 178 182 183 184 185 186 187 188 189 190 191 193 195 197 200 202 204 206 220 224 225 226 228 232 238 239 240 241 242 244 246 247 252 253 254 255 256 260 261 265 269 271 274 282 283 284 286 287 290 294 298 299 300 302 306 307 312 313 314 315 316 318 320 321 326 327 328 329 331 333 362 363 364 366 367 368 369 370 371 372 373 374 375 376 377 378 379 380 381 382 383 384 385 386 387 388 389 390 391 392 393 394 395 396 397 398 399 400 401 402 403 404 405 406 407 408 409 410 411 412 413 414 415 416 417 418 419 420 421 422 423 424 425 426 427 428 429 430 431 432 433 434 435 436 
Pose Visible Keypoints Indices 140:
0 1 2 56 57 60 61 62 76 77 78 79 90 96 97 102 103 104 105 116 117 120 121 122 123 124 125 126 158 159 166 167 182 183 184 185 186 187 188 189 190 224 225 226 227 238 239 240 241 252 253 254 255 256 282 283 286 287 298 299 306 312 313 314 315 316 326 327 328 362 363 364 366 367 368 369 370 371 372 373 374 375 376 377 378 379 380 381 382 383 384 385 386 387 388 389 390 391 392 393 394 395 396 397 398 399 400 401 402 403 404 405 406 407 408 409 410 411 412 413 414 415 416 417 418 419 420 421 422 423 424 425 426 427 428 429 430 431 432 433 434 435 436 
Pose Visible Keypoints Indices 141:
0 1 2 56 57 60 61 62 76 77 78 79 90 96 97 102 103 104 105 116 117 120 121 122 123 124 125 126 158 159 166 167 182 183 184 185 186 187 188 189 190 224 225 226 227 238 239 240 241 252 253 254 255 256 282 283 286 287 298 299 306 312 313 314 315 326 327 328 362 363 365 366 367 368 369 370 371 372 373 374 375 376 377 378 379 380 381 382 383 384 385 386 387 388 389 390 391 392 393 394 395 396 397 398 399 400 401 402 403 404 405 406 407 408 409 410 411 412 413 414 415 416 417 418 419 420 421 422 423 424 425 426 427 428 429 430 431 432 433 434 435 436 
Pose Visible Keypoints Indices 142:
0 1 2 14 56 57 60 61 62 64 69 72 76 77 78 79 81 84 86 90 91 93 96 97 100 102 103 104 105 106 112 116 117 120 121 122 123 124 125 126 132 135 139 143 147 149 158 159 161 163 166 167 175 182 183 184 185 186 187 188 189 190 192 194 196 199 203 205 207 224 225 227 231 236 238 239 240 241 243 245 248 252 253 254 255 256 257 264 268 270 273 282 283 286 287 293 298 299 301 303 306 308 309 312 313 314 315 317 319 322 326 327 328 330 332 334 362 363 365 366 367 368 369 370 371 372 373 374 375 376 377 378 379 380 381 382 383 384 385 386 387 388 389 390 391 392 393 394 395 396 397 398 399 400 401 402 403 404 405 406 407 408 409 410 411 412 413 414 415 416 417 418 419 420 421 422 423 424 425 426 427 428 429 430 431 432 433 434 435 436 
Pose Visible Keypoints Indices 143:
0 1 2 14 32 42 57 59 60 61 62 64 69 72 76 77 78 79 81 84 86 90 91 93 96 97 100 102 103 106 112 116 117 119 120 121 122 123 124 125 126 132 135 139 143 147 149 158 159 161 163 166 167 175 182 183 184 185 186 187 188 189 190 192 194 196 199 203 205 207 211 224 225 230 231 236 238 239 240 241 243 245 248 252 253 254 255 256 264 267 268 270 273 282 283 285 286 287 293 298 299 301 303 306 308 309 312 313 314 315 317 319 322 326 327 328 330 332 334 362 363 365 366 367 368 369 370 371 372 373 374 375 376 377 378 379 380 381 382 383 384 385 386 387 388 389 390 391 392 393 394 395 396 397 398 399 400 401 402 403 404 405 406 407 408 409 410 411 412 413 414 415 416 417 418 419 420 421 422 423 424 425 426 427 428 429 430 431 432 433 434 435 436 
Pose Visible Keypoints Indices 144:
14 32 42 57 59 64 69 72 81 84 86 91 93 100 106 111 112 117 119 126 132 135 139 143 147 149 161 163 175 189 190 192 194 196 199 203 205 207 211 230 231 236 241 243 245 248 264 268 270 273 283 285 293 301 303 308 309 315 317 319 322 328 330 332 334 362 363 365 366 367 368 369 370 371 372 373 374 375 376 377 378 379 380 381 382 383 384 385 386 387 388 389 390 391 392 393 394 395 396 397 398 399 400 401 402 403 404 405 406 407 408 409 410 411 412 413 414 415 416 417 418 419 420 421 422 423 424 425 426 427 428 429 430 431 432 433 434 435 436 
Pose Visible Keypoints Indices 145:
14 32 42 57 59 64 69 72 81 84 86 91 93 100 106 111 112 117 119 132 135 139 143 147 149 161 163 175 190 192 194 196 199 203 205 207 211 230 231 236 243 245 248 264 268 270 273 283 285 293 301 303 308 309 317 319 322 330 332 334 340 342 348 350 356 358 362 363 364 365 366 367 368 369 370 371 372 373 374 375 376 377 378 379 380 381 382 383 384 385 386 387 388 389 390 391 392 393 394 395 396 397 398 399 400 401 402 403 404 405 406 407 408 409 410 411 412 413 414 415 416 417 418 419 420 421 422 423 424 425 426 427 428 429 430 431 432 433 434 435 436 
Pose Visible Keypoints Indices 146:
14 32 42 57 59 64 69 72 81 84 86 91 93 100 106 111 112 117 119 132 135 139 143 147 149 161 163 175 190 192 194 196 199 203 205 207 211 230 231 236 243 245 248 264 268 270 273 283 285 293 301 303 308 309 317 319 322 325 330 332 334 340 342 348 350 356 358 362 363 364 365 366 367 368 369 370 371 372 373 374 375 376 377 378 379 380 381 382 383 384 385 386 387 388 389 390 391 392 393 394 395 396 397 398 399 400 401 402 403 404 405 406 407 408 409 410 411 412 413 414 415 416 417 418 419 420 421 422 423 424 425 426 427 428 429 430 431 432 433 434 435 436 
Pose Visible Keypoints Indices 147:
14 32 42 55 59 64 69 72 73 74 75 81 84 86 87 88 89 91 93 94 95 100 101 106 112 114 115 117 118 119 132 135 139 143 147 149 152 153 154 155 156 157 161 163 164 165 175 177 181 190 192 194 196 199 203 205 207 210 211 212 213 214 215 216 217 218 219 223 231 235 236 237 243 245 248 249 250 251 264 268 270 273 278 279 280 281 283 284 285 293 297 301 303 304 305 308 309 310 311 317 319 322 323 324 325 330 332 334 335 336 337 338 339 340 347 348 356 358 362 363 364 365 366 367 368 369 370 371 372 373 374 375 376 377 378 379 380 381 382 383 384 385 386 387 388 389 390 391 392 393 394 395 396 397 398 399 400 401 402 403 404 405 406 407 408 409 410 411 412 413 414 415 416 417 418 419 420 421 422 423 424 425 426 427 428 429 430 431 432 433 434 435 436 
Pose Visible Keypoints Indices 148:
53 54 55 58 59 64 69 72 73 74 75 81 84 86 87 88 89 91 93 94 95 100 101 106 112 114 115 118 119 132 135 139 143 147 149 152 153 154 155 156 157 161 163 164 165 175 177 181 192 194 196 199 203 205 207 210 211 212 213 214 215 216 217 218 219 223 231 234 235 236 237 243 245 248 249 250 251 264 268 270 273 278 279 280 281 284 285 293 297 301 303 304 305 308 309 310 311 317 319 322 323 324 325 330 332 334 335 336 337 338 339 346 347 354 355 356 362 363 364 365 366 367 368 369 370 371 372 373 374 375 376 377 378 379 380 381 382 383 384 385 386 387 388 389 390 391 392 393 394 395 396 397 398 399 400 401 402 403 404 405 406 407 408 409 410 411 412 413 414 415 416 417 418 419 420 421 422 423 424 425 426 427 428 429 430 431 432 433 434 435 436 
Pose Visible Keypoints Indices 149:
53 54 55 58 59 73 74 75 87 88 89 94 95 101 113 114 115 118 119 152 153 154 155 156 157 164 165 177 180 181 210 211 212 213 214 215 216 217 218 219 223 234 235 237 249 250 251 278 279 280 281 284 285 297 304 305 310 311 323 324 325 335 336 337 338 339 346 347 354 355 362 363 364 365 366 367 368 369 370 371 372 373 374 375 376 377 378 379 380 381 382 383 384 385 386 387 388 389 390 391 392 393 394 395 396 397 398 399 400 401 402 403 404 405 406 407 408 409 410 411 412 413 414 415 416 417 418 419 420 421 422 423 424 425 426 427 428 429 430 431 432 433 434 435 436 
Pose Visible Keypoints Indices 150:
53 54 55 58 59 73 74 75 87 88 89 94 95 101 113 114 115 118 119 152 153 154 155 156 157 164 165 177 180 181 210 211 212 213 214 215 216 217 218 219 223 234 235 237 249 250 251 278 279 280 281 284 285 297 304 305 310 311 323 324 325 335 336 337 338 339 346 347 354 355 362 363 364 365 366 367 368 369 370 371 372 373 374 375 376 377 378 379 380 381 382 383 384 385 386 387 388 389 390 391 392 393 394 395 396 397 398 399 400 401 402 403 404 405 406 407 408 409 410 411 412 413 414 415 416 417 418 419 420 421 422 423 424 425 426 427 428 429 430 431 432 433 434 435 436 
Pose Visible Keypoints Indices 151:
53 54 55 58 63 66 71 73 74 75 80 82 83 85 87 88 89 92 94 95 98 99 101 107 109 114 115 118 119 127 133 136 138 140 144 148 152 153 154 155 156 157 160 162 164 165 170 172 177 178 181 191 193 195 197 200 202 204 206 210 211 212 213 214 215 216 217 218 219 220 223 228 232 235 237 242 244 246 247 249 250 251 261 265 269 271 274 278 279 280 281 284 285 290 294 297 300 302 304 305 307 310 311 316 318 320 321 323 324 325 329 331 333 335 336 337 338 339 346 347 354 355 359 362 363 364 365 366 367 368 369 370 371 372 373 374 375 376 377 378 379 380 381 382 383 384 385 386 387 388 389 390 391 392 393 394 395 396 397 398 399 400 401 402 403 404 405 406 407 408 409 410 411 412 413 414 415 416 417 418 419 420 421 422 423 424 425 426 427 428 429 430 431 432 433 434 435 436 
Pose Visible Keypoints Indices 152:
13 23 41 53 58 63 66 71 73 74 75 80 82 83 85 87 88 89 92 94 95 98 99 101 107 109 114 115 116 118 119 127 133 136 138 140 144 148 152 153 154 155 156 157 160 162 164 165 170 172 177 178 181 182 191 193 195 197 200 202 204 206 210 211 212 213 214 215 216 217 218 219 220 223 228 232 235 237 242 244 246 247 249 250 251 261 265 269 271 274 278 279 280 281 282 284 285 290 294 297 300 302 304 305 307 310 311 316 318 320 321 323 324 325 329 331 333 335 336 337 338 343 346 349 351 357 359 362 363 364 365 366 367 368 369 370 371 372 373 374 375 376 377 378 379 380 381 382 383 384 385 386 387 388 389 390 391 392 393 394 395 396 397 398 399 400 401 402 403 404 405 406 407 408 409 410 411 412 413 414 415 416 417 418 419 420 421 422 423 424 425 426 427 428 429 430 431 432 433 434 435 436 
Pose Visible Keypoints Indices 153:
13 23 41 56 58 63 66 71 80 82 83 85 92 98 99 107 109 110 116 118 127 133 136 138 140 144 148 160 162 170 172 178 179 182 191 193 195 197 200 202 204 206 210 220 228 229 232 233 242 244 246 247 261 265 269 271 274 282 284 290 294 300 302 307 316 318 320 321 323 329 331 333 341 343 349 351 357 359 362 363 364 365 366 367 368 369 370 371 372 373 374 375 376 377 378 379 380 381 382 383 384 385 386 387 388 389 390 391 392 393 394 395 396 397 398 399 400 401 402 403 404 405 406 407 408 409 410 411 412 413 414 415 416 417 418 419 420 421 422 423 424 425 426 427 428 429 430 431 432 433 434 435 436 
Pose Visible Keypoints Indices 154:
13 23 41 56 58 63 66 71 80 82 83 85 92 98 99 107 108 109 110 116 118 127 133 136 138 140 144 148 160 162 170 172 178 179 182 191 193 195 197 200 202 204 206 210 220 228 229 232 233 242 244 246 247 261 265 269 271 274 282 284 290 294 300 302 307 316 318 320 321 329 331 333 341 343 349 351 357 359 362 363 364 365 366 367 368 369 370 371 372 373 374 375 376 377 378 379 380 381 382 383 384 385 386 387 388 389 390 391 392 393 394 395 396 397 398 399 400 401 402 403 404 405 406 407 408 409 410 411 412 413 414 415 416 417 418 419 420 421 422 423 424 425 426 427 428 429 430 431 432 433 434 435 436 
Pose Visible Keypoints Indices 155:
13 23 41 56 58 63 66 71 80 82 83 85 92 98 99 107 108 109 116 118 127 133 136 138 140 144 148 160 162 170 172 178 179 182 191 193 195 197 200 202 204 206 210 220 228 229 232 233 238 242 244 246 247 261 265 269 271 274 282 284 290 294 300 302 307 312 316 318 320 321 329 331 333 341 343 349 351 357 359 362 363 364 365 366 367 368 369 370 371 372 373 374 375 376 377 378 379 380 381 382 383 384 385 386 387 388 389 390 391 392 393 394 395 396 397 398 399 400 401 402 403 404 405 406 407 408 409 410 411 412 413 414 415 416 417 418 419 420 421 422 423 424 425 426 427 428 429 430 431 432 433 434 435 436 
Pose Visible Keypoints Indices 156:
0 1 2 13 23 41 56 60 61 62 63 66 71 76 77 78 79 80 82 83 85 90 92 96 97 98 99 102 103 107 109 116 117 118 120 121 122 123 124 125 126 127 133 136 138 140 144 148 158 159 160 162 166 167 170 172 178 182 183 184 185 186 187 188 189 190 191 193 195 197 200 202 204 206 210 220 224 225 228 232 238 239 240 241 242 244 246 247 252 253 254 255 256 261 265 269 271 274 282 283 284 286 287 290 294 298 299 300 302 306 307 312 313 314 315 316 318 320 321 326 327 328 329 331 333 341 343 349 351 352 359 360 362 363 364 365 366 367 368 369 370 371 372 373 374 375 376 377 378 379 380 381 382 383 384 385 386 387 388 389 390 391 392 393 394 395 396 397 398 399 400 401 402 403 404 405 406 407 408 409 410 411 412 413 414 415 416 417 418 419 420 421 422 423 424 425 426 427 428 429 430 431 432 433 434 435 436 
Pose Visible Keypoints Indices 157:
0 1 2 56 57 60 61 62 63 66 71 76 77 78 79 80 82 83 85 90 92 96 97 98 99 102 103 107 109 116 117 120 121 122 123 124 125 126 127 133 136 138 140 144 148 158 159 160 162 166 167 170 172 178 182 183 184 185 186 187 188 189 190 191 193 195 197 200 202 204 206 220 224 225 226 228 232 238 239 240 241 242 244 246 247 252 253 254 255 256 261 265 269 271 274 282 283 286 287 290 294 298 299 300 302 306 307 312 313 314 315 316 318 320 321 326 327 328 329 331 333 343 344 345 352 353 360 361 362 363 364 365 366 367 368 369 370 371 372 373 374 375 376 377 378 379 380 381 382 383 384 385 386 387 388 389 390 391 392 393 394 395 396 397 398 399 400 401 402 403 404 405 406 407 408 409 410 411 412 413 414 415 416 417 418 419 420 421 422 423 424 425 426 427 428 429 430 431 432 433 434 435 436 
Pose Visible Keypoints Indices 158:
0 1 2 56 57 60 61 62 76 77 78 79 90 96 97 102 103 104 105 116 117 120 121 122 123 124 125 126 158 159 166 167 182 183 184 185 186 187 188 189 190 224 225 226 227 238 239 240 241 252 253 254 255 256 282 283 286 287 298 299 306 312 313 314 315 326 327 328 344 345 352 353 360 361 362 363 364 365 366 367 368 369 370 371 372 373 374 375 376 377 378 379 380 381 382 383 384 385 386 387 388 389 390 391 392 393 394 395 396 397 398 399 400 401 402 403 404 405 406 407 408 409 410 411 412 413 414 415 416 417 418 419 420 421 422 423 424 425 426 427 428 429 430 431 432 433 434 435 436 
Pose Visible Keypoints Indices 159:
0 1 2 56 57 60 61 62 76 77 78 79 90 96 97 102 103 104 105 116 117 120 121 122 123 124 125 126 158 159 166 167 182 183 184 185 186 187 188 189 190 224 225 226 227 238 239 240 241 252 253 254 255 256 282 283 286 287 298 299 306 312 313 314 315 326 327 328 344 345 352 353 360 361 362 363 364 365 366 367 368 369 370 371 372 373 374 375 376 377 378 379 380 381 382 383 384 385 386 387 388 389 390 391 392 393 394 395 396 397 398 399 400 401 402 403 404 405 406 407 408 409 410 411 412 413 414 415 416 417 418 419 420 421 422 423 424 425 426 427 428 429 430 431 432 433 434 435 436 
Pose Visible Keypoints Indices 160:
0 1 2 56 57 60 61 62 64 69 72 76 77 78 79 81 84 86 90 91 93 96 97 100 102 103 106 112 116 117 120 121 122 123 124 125 126 132 135 139 143 147 149 158 159 161 163 166 167 175 182 183 184 185 186 187 188 189 190 192 194 196 199 203 205 207 224 225 227 231 236 238 239 240 241 243 245 248 252 253 254 255 256 264 268 270 273 282 283 286 287 293 298 299 301 303 306 308 309 312 313 314 315 317 319 322 326 327 328 330 332 334 340 344 345 352 353 360 361 362 363 364 365 366 367 368 369 370 371 372 373 374 375 376 377 378 379 380 381 382 383 384 385 386 387 388 389 390 391 392 393 394 395 396 397 398 399 400 401 402 403 404 405 406 407 408 409 410 411 412 413 414 415 416 417 418 419 420 421 422 423 424 425 426 427 428 429 430 431 432 433 434 435 436 
Pose Visible Keypoints Indices 161:
0 1 2 14 32 42 57 60 61 62 64 69 72 76 77 78 79 81 84 86 90 91 93 96 97 100 102 103 106 112 116 117 119 120 121 122 123 124 125 126 132 135 139 143 147 149 158 159 161 163 166 167 175 182 183 184 185 186 187 188 189 190 192 194 196 199 203 205 207 211 224 225 231 236 238 239 240 241 243 245 248 252 253 254 255 256 264 268 270 273 282 283 285 286 287 293 298 299 301 303 306 308 309 312 313 314 315 317 319 322 326 327 328 330 332 334 340 342 348 353 356 360 361 362 363 364 365 366 367 368 369 370 371 372 373 374 375 376 377 378 379 380 381 382 383 384 385 386 387 388 389 390 391 392 393 394 395 396 397 398 399 400 401 402 403 404 405 406 407 408 409 410 411 412 413 414 415 416 417 418 419 420 421 422 423 424 425 426 427 428 429 430 431 432 433 434 435 436 
Pose Visible Keypoints Indices 162:
14 32 42 57 59 64 69 72 81 84 86 91 93 100 106 112 117 119 132 135 139 143 147 149 161 163 175 190 192 194 196 199 203 205 207 211 230 231 236 243 245 248 264 268 270 273 283 285 293 301 303 308 309 315 317 319 322 328 330 332 334 340 342 348 350 356 358 362 363 364 365 366 367 368 369 370 371 372 373 374 375 376 377 378 379 380 381 382 383 384 385 386 387 388 389 390 391 392 393 394 395 396 397 398 399 400 401 402 403 404 405 406 407 408 409 410 411 412 413 414 415 416 417 418 419 420 421 422 423 424 425 426 427 428 429 430 431 432 433 434 435 436 
Pose Visible Keypoints Indices 163:
14 32 42 64 69 72 81 84 86 91 93 100 106 112 117 119 132 135 139 143 147 149 161 163 175 190 192 194 196 199 203 205 207 211 231 236 243 245 248 264 268 270 273 283 285 293 301 303 308 309 317 319 322 330 332 334 340 342 348 350 356 358 362 363 364 365 366 367 368 369 370 371 372 373 374 375 376 377 378 379 380 381 382 383 384 385 386 387 388 389 390 391 392 393 394 395 396 397 398 399 400 401 402 403 404 405 406 407 408 409 410 411 412 413 414 415 416 417 418 419 420 421 422 423 424 425 426 427 428 429 430 431 432 433 434 435 436 
Pose Visible Keypoints Indices 164:
42 64 69 72 81 84 86 91 93 100 106 112 117 119 132 135 139 143 147 149 161 163 175 190 192 194 196 199 203 205 207 211 231 236 243 245 248 264 268 270 273 283 285 293 301 303 308 309 317 319 322 325 330 332 334 339 340 342 348 350 356 358 362 363 364 365 366 367 368 369 370 371 372 373 374 375 376 377 378 379 380 381 382 383 384 385 386 387 388 389 390 391 392 393 394 395 396 397 398 399 400 401 402 403 404 405 406 407 408 409 410 411 412 413 414 415 416 417 418 419 420 421 422 423 424 425 426 427 428 429 430 431 432 433 434 435 436 
Pose Visible Keypoints Indices 165:
64 69 72 81 84 86 91 93 100 106 112 119 132 135 139 143 147 149 161 163 175 192 194 196 199 203 205 207 211 231 236 243 245 248 251 264 268 270 273 285 293 301 303 308 309 317 319 322 323 325 330 332 334 335 336 337 338 339 340 347 348 355 356 358 362 363 364 365 366 367 368 369 370 371 372 373 374 375 376 377 378 379 380 381 382 383 384 385 386 387 388 389 390 391 392 393 394 395 396 397 398 399 400 401 402 403 404 405 406 407 408 409 410 411 412 413 414 415 416 417 418 419 420 421 422 423 424 425 426 427 428 429 430 431 432 433 434 435 436 
Pose Visible Keypoints Indices 166:
73 74 75 87 88 89 94 95 101 114 115 118 119 152 153 154 155 156 157 164 165 177 181 210 211 212 213 214 215 216 217 218 219 223 235 237 249 250 251 278 279 280 281 284 285 297 304 305 310 311 322 323 324 325 335 336 337 338 339 346 347 348 355 356 362 363 364 365 366 367 368 369 370 371 372 373 374 375 376 377 378 379 380 381 382 383 384 385 386 387 388 389 390 391 392 393 394 395 396 397 398 399 400 401 402 403 404 405 406 407 408 409 410 411 412 413 414 415 416 417 418 419 420 421 422 423 424 425 426 427 428 429 430 431 432 433 434 435 436 
Pose Visible Keypoints Indices 167:
53 54 55 73 74 75 87 88 89 94 95 101 114 115 118 119 152 153 154 155 156 157 164 165 177 181 210 211 212 213 214 215 216 217 218 219 223 235 237 249 250 251 278 279 280 281 284 285 297 304 305 310 311 323 324 325 335 336 337 338 339 346 347 354 355 362 363 364 365 366 367 368 369 370 371 372 373 374 375 376 377 378 379 380 381 382 383 384 385 386 387 388 389 390 391 392 393 394 395 396 397 398 399 400 401 402 403 404 405 406 407 408 409 410 411 412 413 414 415 416 417 418 419 420 421 422 423 424 425 426 427 428 429 430 431 432 433 434 435 436 
Pose Visible Keypoints Indices 168:
53 54 55 58 73 74 75 87 88 89 94 95 101 114 115 118 119 152 153 154 155 156 157 164 165 177 181 210 211 212 213 214 215 216 217 218 219 223 235 237 249 250 251 278 279 280 281 284 285 297 304 305 310 311 323 324 325 335 336 337 338 339 346 347 354 355 362 363 364 365 366 367 368 369 370 371 372 373 374 375 376 377 378 379 380 381 382 383 384 385 386 387 388 389 390 391 392 393 394 395 396 397 398 399 400 401 402 403 404 405 406 407 408 409 410 411 412 413 414 415 416 417 418 419 420 421 422 423 424 425 426 427 428 429 430 431 432 433 434 435 436 
Pose Visible Keypoints Indices 169:
73 74 75 87 88 89 94 95 101 114 115 118 119 152 153 154 155 156 157 164 165 177 181 210 211 212 213 214 215 216 217 218 219 223 235 237 247 249 250 251 278 279 280 281 284 285 297 304 305 310 311 321 323 324 325 329 331 333 335 336 337 338 339 346 347 351 354 359 362 363 364 365 366 367 368 369 370 371 372 373 374 375 376 377 378 379 380 381 382 383 384 385 386 387 388 389 390 391 392 393 394 395 396 397 398 399 400 401 402 403 404 405 406 407 408 409 410 411 412 413 414 415 416 417 418 419 420 421 422 423 424 425 426 427 428 429 430 431 432 433 434 435 436 
Pose Visible Keypoints Indices 170:
63 66 71 80 82 83 85 92 98 99 107 109 118 127 133 136 138 140 144 148 160 162 170 172 178 191 193 195 197 200 202 204 206 210 220 228 232 242 244 246 247 249 261 265 269 271 274 282 284 290 294 300 302 307 316 318 320 321 323 325 329 331 333 335 336 337 338 343 346 351 357 359 362 363 364 365 366 367 368 369 370 371 372 373 374 375 376 377 378 379 380 381 382 383 384 385 386 387 388 389 390 391 392 393 394 395 396 397 398 399 400 401 402 403 404 405 406 407 408 409 410 411 412 413 414 415 416 417 418 419 420 421 422 423 424 425 426 427 428 429 430 431 432 433 434 435 436 
Pose Visible Keypoints Indices 171:
13 23 41 63 66 71 80 82 83 85 92 98 99 107 109 116 118 127 133 136 138 140 144 148 160 162 170 172 178 182 191 193 195 197 200 202 204 206 210 220 228 232 242 244 246 247 261 265 269 271 274 282 284 290 294 300 302 307 316 318 320 321 323 329 331 333 338 341 343 349 351 357 359 362 363 364 365 366 367 368 369 370 371 372 373 374 375 376 377 378 379 380 381 382 383 384 385 386 387 388 389 390 391 392 393 394 395 396 397 398 399 400 401 402 403 404 405 406 407 408 409 410 411 412 413 414 415 416 417 418 419 420 421 422 423 424 425 426 427 428 429 430 431 432 433 434 435 436 
Pose Visible Keypoints Indices 172:
13 23 41 56 63 66 71 80 82 83 85 92 98 99 107 109 116 118 127 133 136 138 140 144 148 160 162 170 172 178 182 191 193 195 197 200 202 204 206 210 220 228 232 242 244 246 247 261 265 269 271 274 282 284 290 294 300 302 307 316 318 320 321 329 331 333 341 343 349 351 357 359 362 363 364 365 366 367 368 369 370 371 372 373 374 375 376 377 378 379 380 381 382 383 384 385 386 387 388 389 390 391 392 393 394 395 396 397 398 399 400 401 402 403 404 405 406 407 408 409 410 411 412 413 414 415 416 417 418 419 420 421 422 423 424 425 426 427 428 429 430 431 432 433 434 435 436 
Pose Visible Keypoints Indices 173:
13 23 41 56 63 66 71 80 82 83 85 92 98 99 107 109 116 118 127 133 136 138 140 144 148 160 162 170 172 178 182 191 193 195 197 200 202 204 206 210 220 228 232 242 244 246 247 261 265 269 271 274 282 284 290 294 300 302 307 312 316 318 320 321 329 331 333 341 343 349 351 357 359 360 362 363 364 365 366 367 368 369 370 371 372 373 374 375 376 377 378 379 380 381 382 383 384 385 386 387 388 389 390 391 392 393 394 395 396 397 398 399 400 401 402 403 404 405 406 407 408 409 410 411 412 413 414 415 416 417 418 419 420 421 422 423 424 425 426 427 428 429 430 431 432 433 434 435 436 
Pose Visible Keypoints Indices 174:
63 66 71 80 82 83 85 92 98 99 107 109 116 120 127 133 136 138 140 144 148 160 162 170 172 178 182 183 191 193 195 197 200 202 204 206 220 228 232 238 242 244 246 247 261 265 269 271 274 282 284 290 294 300 302 307 312 315 316 318 320 321 326 327 328 329 331 333 341 343 351 352 359 360 361 362 363 364 365 366 367 368 369 370 371 372 373 374 375 376 377 378 379 380 381 382 383 384 385 386 387 388 389 390 391 392 393 394 395 396 397 398 399 400 401 402 403 404 405 406 407 408 409 410 411 412 413 414 415 416 417 418 419 420 421 422 423 424 425 426 427 428 429 430 431 432 433 434 435 436 
Pose Visible Keypoints Indices 175:
60 61 62 76 77 78 79 90 96 97 102 103 116 117 120 121 122 123 124 125 126 158 159 166 167 182 183 184 185 186 187 188 189 190 224 225 238 239 240 241 252 253 254 255 256 282 283 286 287 298 299 306 312 313 314 315 316 326 327 328 329 331 333 343 344 351 352 353 360 361 362 363 364 365 366 367 368 369 370 371 372 373 374 375 376 377 378 379 380 381 382 383 384 385 386 387 388 389 390 391 392 393 394 395 396 397 398 399 400 401 402 403 404 405 406 407 408 409 410 411 412 413 414 415 416 417 418 419 420 421 422 423 424 425 426 427 428 429 430 431 432 433 434 435 436 
Pose Visible Keypoints Indices 176:
0 1 2 60 61 62 76 77 78 79 90 96 97 102 103 116 117 120 121 122 123 124 125 126 158 159 166 167 182 183 184 185 186 187 188 189 190 224 225 238 239 240 241 252 253 254 255 256 282 283 286 287 298 299 306 312 313 314 315 326 327 328 344 345 352 353 360 361 362 363 364 365 366 367 368 369 370 371 372 373 374 375 376 377 378 379 380 381 382 383 384 385 386 387 388 389 390 391 392 393 394 395 396 397 398 399 400 401 402 403 404 405 406 407 408 409 410 411 412 413 414 415 416 417 418 419 420 421 422 423 424 425 426 427 428 429 430 431 432 433 434 435 436 
Pose Visible Keypoints Indices 177:
0 1 2 57 60 61 62 76 77 78 79 90 96 97 102 103 116 117 120 121 122 123 124 125 126 158 159 166 167 182 183 184 185 186 187 188 189 190 224 225 238 239 240 241 252 253 254 255 256 282 283 286 287 298 299 306 312 313 314 315 326 327 328 344 345 352 353 360 361 362 363 364 365 366 367 368 369 370 371 372 373 374 375 376 377 378 379 380 381 382 383 384 385 386 387 388 389 390 391 392 393 394 395 396 397 398 399 400 401 402 403 404 405 406 407 408 409 410 411 412 413 414 415 416 417 418 419 420 421 422 423 424 425 426 427 428 429 430 431 432 433 434 435 436 
Pose Visible Keypoints Indices 178:
60 61 62 76 77 78 79 90 96 97 102 103 116 117 120 121 122 123 124 125 126 158 159 166 167 182 183 184 185 186 187 188 189 190 224 225 238 239 240 241 243 252 253 254 255 256 282 283 286 287 298 299 306 312 313 314 315 317 326 327 328 340 345 348 352 353 360 361 362 363 364 365 366 367 368 369 370 371 372 373 374 375 376 377 378 379 380 381 382 383 384 385 386 387 388 389 390 391 392 393 394 395 396 397 398 399 400 401 402 403 404 405 406 407 408 409 410 411 412 413 414 415 416 417 418 419 420 421 422 423 424 425 426 427 428 429 430 431 432 433 434 435 436 
Pose Visible Keypoints Indices 179:
64 69 72 81 84 86 91 93 100 106 112 117 126 132 135 139 143 147 149 161 163 175 189 190 192 194 196 199 203 205 207 231 236 241 243 245 248 264 268 270 273 283 293 301 303 308 309 312 315 317 319 322 326 327 328 330 332 334 340 342 345 348 353 356 360 361 362 363 364 365 366 367 368 369 370 371 372 373 374 375 376 377 378 379 380 381 382 383 384 385 386 387 388 389 390 391 392 393 394 395 396 397 398 399 400 401 402 403 404 405 406 407 408 409 410 411 412 413 414 415 416 417 418 419 420 421 422 423 424 425 426 427 428 429 430 431 432 433 434 435 436 
Pose Visible Keypoints Indices 180:
14 64 69 72 81 84 86 91 93 100 106 112 117 119 132 135 139 143 147 149 161 163 175 190 192 194 196 199 203 205 207 211 231 236 243 245 248 264 268 270 273 283 285 293 301 303 308 309 315 317 319 322 330 332 334 340 342 348 350 356 358 361 362 363 364 365 366 367 368 369 370 371 372 373 374 375 376 377 378 379 380 381 382 383 384 385 386 387 388 389 390 391 392 393 394 395 396 397 398 399 400 401 402 403 404 405 406 407 408 409 410 411 412 413 414 415 416 417 418 419 420 421 422 423 424 425 426 427 428 429 430 431 432 433 434 435 436 
Pose Visible Keypoints Indices 181:
317 322 339 340 342 348 350 356 358 361 362 363 364 365 366 367 368 369 370 371 372 373 374 375 376 377 378 379 380 381 382 383 384 385 386 387 388 389 390 391 392 393 394 395 396 397 398 399 400 401 402 403 404 405 406 407 408 409 410 411 412 413 414 415 416 417 418 419 420 421 422 423 424 425 426 427 428 429 430 431 432 433 434 435 436 
Pose Visible Keypoints Indices 182:
317 322 339 340 347 348 350 356 358 361 362 363 364 365 366 367 368 369 370 371 372 373 374 375 376 377 378 379 380 381 382 383 384 385 386 387 388 389 390 391 392 393 394 395 396 397 398 399 400 401 402 403 404 405 406 407 408 409 410 411 412 413 414 415 416 417 418 419 420 421 422 423 424 425 426 427 428 429 430 431 432 433 434 435 436 
Pose Visible Keypoints Indices 183:
322 338 339 340 347 348 355 356 358 359 361 362 363 364 365 366 367 368 369 370 371 372 373 374 375 376 377 378 379 380 381 382 383 384 385 386 387 388 389 390 391 392 393 394 395 396 397 398 399 400 401 402 403 404 405 406 407 408 409 410 411 412 413 414 415 416 417 418 419 420 421 422 423 424 425 426 427 428 429 430 431 432 433 434 435 436 
Pose Visible Keypoints Indices 184:
323 325 338 339 346 347 348 355 356 359 362 363 364 365 366 367 368 369 370 371 372 373 374 375 376 377 378 379 380 381 382 383 384 385 386 387 388 389 390 391 392 393 394 395 396 397 398 399 400 401 402 403 404 405 406 407 408 409 410 411 412 413 414 415 416 417 418 419 420 421 422 423 424 425 426 427 428 429 430 431 432 433 434 435 436 
Pose Visible Keypoints Indices 185:
323 325 338 339 346 347 355 356 359 362 363 364 365 366 367 368 369 370 371 372 373 374 375 376 377 378 379 380 381 382 383 384 385 386 387 388 389 390 391 392 393 394 395 396 397 398 399 400 401 402 403 404 405 406 407 408 409 410 411 412 413 414 415 416 417 418 419 420 421 422 423 424 425 426 427 428 429 430 431 432 433 434 435 436 
Pose Visible Keypoints Indices 186:
323 325 338 339 346 347 351 354 356 359 362 363 364 365 366 367 368 369 370 371 372 373 374 375 376 377 378 379 380 381 382 383 384 385 386 387 388 389 390 391 392 393 394 395 396 397 398 399 400 401 402 403 404 405 406 407 408 409 410 411 412 413 414 415 416 417 418 419 420 421 422 423 424 425 426 427 428 429 430 431 432 433 434 435 436 
Pose Visible Keypoints Indices 187:
323 338 339 346 351 354 359 362 363 364 365 366 367 368 369 370 371 372 373 374 375 376 377 378 379 380 381 382 383 384 385 386 387 388 389 390 391 392 393 394 395 396 397 398 399 400 401 402 403 404 405 406 407 408 409 410 411 412 413 414 415 416 417 418 419 420 421 422 423 424 425 426 427 428 429 430 431 432 433 434 435 436 
Pose Visible Keypoints Indices 188:
321 338 339 343 346 351 354 357 359 362 363 364 365 366 367 368 369 370 371 372 373 374 375 376 377 378 379 380 381 382 383 384 385 386 387 388 389 390 391 392 393 394 395 396 397 398 399 400 401 402 403 404 405 406 407 408 409 410 411 412 413 414 415 416 417 418 419 420 421 422 423 424 425 426 427 428 429 430 431 432 433 434 435 436 
Pose Visible Keypoints Indices 189:
316 321 329 331 333 338 343 346 349 351 357 359 360 362 363 364 365 366 367 368 369 370 371 372 373 374 375 376 377 378 379 380 381 382 383 384 385 386 387 388 389 390 391 392 393 394 395 396 397 398 399 400 401 402 403 404 405 406 407 408 409 410 411 412 413 414 415 416 417 418 419 420 421 422 423 424 425 426 427 428 429 430 431 432 433 434 435 436 
Pose Visible Keypoints Indices 190:
316 321 329 331 333 338 341 343 349 351 357 359 360 362 363 364 365 366 367 368 369 370 371 372 373 374 375 376 377 378 379 380 381 382 383 384 385 386 387 388 389 390 391 392 393 394 395 396 397 398 399 400 401 402 403 404 405 406 407 408 409 410 411 412 413 414 415 416 417 418 419 420 421 422 423 424 425 426 427 428 429 430 431 432 433 434 435 436 
Pose Visible Keypoints Indices 191:
316 321 329 331 333 338 341 343 349 351 352 359 360 362 363 364 365 366 367 368 369 370 371 372 373 374 375 376 377 378 379 380 381 382 383 384 385 386 387 388 389 390 391 392 393 394 395 396 397 398 399 400 401 402 403 404 405 406 407 408 409 410 411 412 413 414 415 416 417 418 419 420 421 422 423 424 425 426 427 428 429 430 431 432 433 434 435 436 
Pose Visible Keypoints Indices 192:
316 341 343 344 351 352 359 360 361 362 363 364 365 366 367 368 369 370 371 372 373 374 375 376 377 378 379 380 381 382 383 384 385 386 387 388 389 390 391 392 393 394 395 396 397 398 399 400 401 402 403 404 405 406 407 408 409 410 411 412 413 414 415 416 417 418 419 420 421 422 423 424 425 426 427 428 429 430 431 432 433 434 435 436 
Pose Visible Keypoints Indices 193:
312 315 343 344 351 352 353 360 361 362 363 364 365 366 367 368 369 370 371 372 373 374 375 376 377 378 379 380 381 382 383 384 385 386 387 388 389 390 391 392 393 394 395 396 397 398 399 400 401 402 403 404 405 406 407 408 409 410 411 412 413 414 415 416 417 418 419 420 421 422 423 424 425 426 427 428 429 430 431 432 433 434 435 436 
Pose Visible Keypoints Indices 194:
312 315 326 327 328 340 343 344 351 352 353 360 361 362 363 364 365 366 367 368 369 370 371 372 373 374 375 376 377 378 379 380 381 382 383 384 385 386 387 388 389 390 391 392 393 394 395 396 397 398 399 400 401 402 403 404 405 406 407 408 409 410 411 412 413 414 415 416 417 418 419 420 421 422 423 424 425 426 427 428 429 430 431 432 433 434 435 436 
Pose Visible Keypoints Indices 195:
312 315 326 327 328 340 343 344 345 352 353 360 361 362 363 364 365 366 367 368 369 370 371 372 373 374 375 376 377 378 379 380 381 382 383 384 385 386 387 388 389 390 391 392 393 394 395 396 397 398 399 400 401 402 403 404 405 406 407 408 409 410 411 412 413 414 415 416 417 418 419 420 421 422 423 424 425 426 427 428 429 430 431 432 433 434 435 436 
Pose Visible Keypoints Indices 196:
312 315 340 343 345 348 352 353 360 361 362 363 364 365 366 367 368 369 370 371 372 373 374 375 376 377 378 379 380 381 382 383 384 385 386 387 388 389 390 391 392 393 394 395 396 397 398 399 400 401 402 403 404 405 406 407 408 409 410 411 412 413 414 415 416 417 418 419 420 421 422 423 424 425 426 427 428 429 430 431 432 433 434 435 436 
Pose Visible Keypoints Indices 197:
317 339 340 342 343 345 348 353 356 360 361 362 363 364 365 366 367 368 369 370 371 372 373 374 375 376 377 378 379 380 381 382 383 384 385 386 387 388 389 390 391 392 393 394 395 396 397 398 399 400 401 402 403 404 405 406 407 408 409 410 411 412 413 414 415 416 417 418 419 420 421 422 423 424 425 426 427 428 429 430 431 432 433 434 435 436 
Pose Visible Keypoints Indices 198:
317 322 339 340 342 348 350 353 356 361 362 363 364 365 366 367 368 369 370 371 372 373 374 375 376 377 378 379 380 381 382 383 384 385 386 387 388 389 390 391 392 393 394 395 396 397 398 399 400 401 402 403 404 405 406 407 408 409 410 411 412 413 414 415 416 417 418 419 420 421 422 423 424 425 426 427 428 429 430 431 432 433 434 435 436 
Pose Visible Keypoints Indices 199:
338 339 340 343 348 351 356 359 360 361 362 363 364 365 366 367 368 369 370 371 372 373 374 375 376 377 378 379 380 381 382 383 384 385 386 387 388 389 390 391 392 393 394 395 396 397 398 399 400 401 402 403 404 405 406 407 408 409 410 411 412 413 414 415 416 417 418 419 420 421 422 423 424 425 426 427 428 429 430 431 432 433 434 435 436 
